1 1.73205 
0.932603 1.50645 
0.869749 1.31023 
0.811131 1.13957 
0.756463 0.991143 
0.70548 0.862046 
0.657933 0.749763 
0.613591 0.652106 
0.572237 1.13434 
0.53367 0.986589 
0.497702 0.858084 
0.464159 1.49264 
0.432876 1.29822 
0.403702 1.41141 
0.376494 1.7186 
0.351119 1.49475 
0.327455 1.30005 
0.305386 1.45378 
0.284804 1.40492 
0.265609 1.22193 
0.247708 1.27532 
0.231013 1.47895 
0.215443 1.28631 
0.200923 1.32854 
0.187382 1.45957 
0.174753 1.37525 
0.162975 1.38014 
0.151991 1.36043 
0.141747 1.35724 
0.132194 1.3318 
0.123285 1.42158 
0.114976 1.3509 
0.107227 1.33426 
0.1 1.31636 
0.0932603 1.401 
0.0869749 1.32334 
0.0811131 1.37888 
0.0756463 1.35787 
0.070548 1.34479 
0.0657933 1.35707 
0.0613591 1.35638 
0.0572237 1.34986 
0.053367 1.36149 
0.0497702 1.35577 
0.0464159 1.35084 
0.0432876 1.36638 
0.0403702 1.37471 
0.0376494 1.3626 
0.0351119 1.36236 
0.0327455 1.3632 
0.0305386 1.36171 
0.0284804 1.35575 
0.0265609 1.35512 
0.0247708 1.36247 
0.0231013 1.36063 
0.0215443 1.36189 
0.0200923 1.35581 
0.0187382 1.36227 
0.0174753 1.36203 
0.0162975 1.36312 
0.0151991 1.35963 
0.0141747 1.36246 
0.0132194 1.35813 
0.0123285 1.35919 
0.0114976 1.36212 
0.0107227 1.36055 
0.01 1.35827 
0.00932603 1.36078 
0.00869749 1.35989 
0.00811131 1.35963 
0.00756463 1.36064 
0.0070548 1.35979 
0.00657933 1.35917 
0.00613591 1.36036 
0.00572237 1.36047 
0.0053367 1.36036 
0.00497702 1.36062 
0.00464159 1.36039 
0.00432876 1.36063 
0.00403702 1.36026 
0.00376494 1.36044 
0.00351119 1.36045 
0.00327455 1.36021 
0.00305386 1.36024 
0.00284804 1.36015 
0.00265609 1.36042 
0.00247708 1.3604 
0.00231013 1.36055 
0.00215443 1.36029 
0.00200923 1.36037 
0.00187382 1.36026 
0.00174753 1.36037 
0.00162975 1.36024 
0.00151991 1.36026 
0.00141747 1.36035 
0.00132194 1.36042 
0.00123285 1.36037 
0.00114976 1.36024 
0.00107227 1.36039 
0.001 1.36031 
