6
0.980392
1.16832
1.15232
1.19403
0.976096
1.1794
1.09687
1.01496
0.778271
0.846307
0.751361
0.768719
0.849462
0.861626
0.832224
1.11111
1.07991
1.04883
1.09989
0.715285
0.736441
0.719346
0.811468
1.08243
1.05915
0.725596
0.712065
0.698787
1.08546
0.712858
0.701483
0.907558
0.709873
0.851264
0.77727
1.05886
0.698001
0.714887
0.763198
0.697651
0.714286
1.05902
0.698745
1.03408
0.70813
0.699261
1.05062
1.06206
1.05222
0.694922
1.03058
1.0742
0.921162
1.05442
0.73864
1.05641
0.701157
0.693899
1.03084
1.04299
0.744018
0.804902
1.01809
1.03093
0.936942
0.736141
1.00836
0.978536
0.69632
1.00686
0.998874
0.682588
0.696248
0.692245
0.68755
0.98553
0.978707
0.692643
0.68894
0.684079
0.97803
0.697879
0.9841
0.690312
0.763115
0.966752
0.695932
0.692343
0.968771
0.685181
0.957592
0.694197
0.854655
0.687939
0.683856
0.950219
0.676768
0.956335
0.757423
0.947211
0.680261
0.938247
0.689575
0.686406
0.941154
0.936993
0.676509
0.943714
0.939644
0.935284
0.931544
0.927156
0.67404
0.686195
0.716745
0.931046
0.681422
0.922555
0.919005
0.929512
0.926128
0.714801
0.680052
0.67731
0.674292
0.795588
0.683987
0.680987
0.912417
0.67605
0.905053
0.685199
0.682604
0.680495
0.708191
0.902661
0.672894
0.910158
0.681772
0.904442
0.677351
0.674835
0.89456
0.905013
0.902082
0.679496
0.676915
0.674909
0.672661
0.887082
0.897365
0.895145
0.677166
0.674847
0.672816
0.670427
0.893644
0.894317
0.874355
0.886764
0.886474
0.674238
0.880628
0.890989
0.888256
0.814962
0.677643
0.675515
0.673411
0.671686
0.681675
0.706546
0.678303
0.878175
0.674323
0.87331
0.670433
0.68071
0.67903
0.87568
0.675505
0.871443
0.868976
0.66971
0.821425
0.678422
0.871458
0.700564
0.867104
0.671298
0.771228
0.805541
0.869754
0.867746
0.6747
0.863789
0.671099
0.859408
0.8571
