0.5 1.75307835861 
0.489795918367 1.75307774718 
0.479591836735 1.75307766368 
0.469387755102 1.75307835896 
0.459183673469 1.75307861752 
0.448979591837 1.75307835305 
0.438775510204 1.75307774059 
0.428571428571 1.75307766897 
0.418367346939 1.75112291555 
0.408163265306 1.73926759006 
0.397959183673 1.72193171944 
0.387755102041 1.70403484563 
0.377551020408 1.68613955035 
0.367346938776 1.6682440144 
0.357142857143 1.65034689215 
0.34693877551 1.63244913712 
0.336734693878 1.61455228208 
0.326530612245 1.59665699821 
0.316326530612 1.57876144585 
0.30612244898 1.56086430985 
0.295918367347 1.54296655492 
0.285714285714 1.52506971879 
0.275510204082 1.507174446 
0.265306122449 1.48927887706 
0.255102040816 1.47138172752 
0.244897959184 1.45348397286 
0.234693877551 1.43558715576 
0.224489795918 1.41769189373 
0.214285714286 1.39979630803 
0.204081632653 1.38189914513 
0.19387755102 1.36400139094 
0.183673469388 1.34610459299 
0.173469387755 1.3282093414 
0.163265306122 1.31031373878 
0.15306122449 1.2924165627 
0.142857142857 1.27451880916 
0.132653061224 1.25662203048 
0.122448979592 1.238726789 
0.112244897959 1.22083116931 
0.102040816327 1.20614996405 
0.0918367346939 1.20614996405 
0.0816326530612 1.20614996405 
0.0714285714286 1.20614996405 
0.0612244897959 1.20614996405 
0.0510204081633 1.20614996405 
0.0408163265306 1.20614996405 
0.030612244898 1.20614996405 
0.0204081632653 1.20614996405 
0.0102040816327 1.20614996405 
2.22044604925e-16 1.20614996405 
