1 0 
0.954771611420806 0 
0.911588829975082 0 
0.870359136148516 0 
0.830994194935339 0 
0.793409666579749 0 
0.757525025877191 0.522206072410818 
0.723263389648353 0.476037222554861 
0.690551352016233 0.433950214733373 
0.659318827133355 0.395584168516231 
0.629498899022189 0.360610109334377 
0.601027678207038 0.328728147645311 
0.573844164830239 0.599329814983731 
0.547890117959394 0.546342364810201 
0.523109930805626 0.498039597103151 
0.499450511585514 0.454007333604523 
0.476861169771447 0.413868014040654 
0.455293507486695 0.37727745868343 
0.434701315812502 0.343921917137201 
0.415040475785047 0.313515378045888 
0.396268863870148 0.285797116652047 
0.378346261713193 0.390794188768637 
0.361234269970943 0.474991489734217 
0.344896226040576 0.432996936374936 
0.329297125509715 0.394715170612823 
0.31440354715915 0.359817940552359 
0.300183581357559 0.328006015432168 
0.286606761694825 0.598013239665198 
0.273643999707467 0.545142189456006 
0.261267522556333 0.559063721988287 
0.249450813523031 0.622888742921888 
0.238168555197616 0.619438276761615 
0.227396575235793 0.564673013954902 
0.21711179456945 0.514749612109652 
0.207292177959537 0.469239996633165 
0.197916686785356 0.534692424385423 
0.188965233969121 0.584903569850458 
0.180418640939207 0.592435067653586 
0.172258596539878 0.540057190158541 
0.164467617799466 0.492310102096255 
0.157029012472938 0.448784389954838 
0.149926843278604 0.490928204340014 
0.143145893752348 0.633993278811116 
0.136671635646201 0.577941191243491 
0.13049019780144 0.526844734320059 
0.124588336429501 0.550893094781085 
0.118953406737032 0.566571067573462 
0.11357333583431 0.516479856587025 
0.108436596868961 0.513618838005671 
0.103532184329566 0.487717912073698 
0.0988495904662557 0.497949984924171 
0.0943787827777537 0.543089609956965 
0.0901101825166501 0.517241933550157 
0.0860346441668449 0.491719624834139 
0.0821434358491942 0.528070768536125 
0.0784282206133767 0.49817585870949 
0.0748810385759001 0.494952361480821 
0.0714942898659757 0.539571063042287 
0.0682607183427238 0.525788812946932 
0.0651733960488241 0.533418087222119 
0.0622257083673022 0.514446837845509 
0.0594113398496502 0.523569387207828 
0.0567242606849197 0.52998577252942 
0.0541587137807946 0.539182763962839 
0.0517092024289675 0.515845310930923 
0.04937047852839 0.519037191909805 
0.0471375313411672 0.523698560598429 
0.0450055767570049 0.525321857385844 
0.0429700470432083 0.505761890307874 
0.0410265810582719 0.528442448478241 
0.0391710149080925 0.529196308484964 
0.0373993730247879 0.50532071013335 
0.0357078596490046 0.52098105036719 
0.0340928506974681 0.519345141461954 
0.0325508859983505 0.514890445508073 
0.0310786618778201 0.528259167884677 
0.0296730240818886 0.521617981798532 
0.0283309610183932 0.528821528452384 
0.0270495973046313 0.522684007920196 
0.0258261876068267 0.529279454284899 
0.024658110758226 0.518450307842146 
0.0235428641432241 0.524565688267966 
0.0224780583354872 0.512672949562303 
0.021461411978584 0.51638692645533 
0.0204907468981584 0.527663682804095 
0.0195639834351706 0.5165396592431 
0.0186791359902078 0.515323604039885 
0.0178343087693191 0.521862676525734 
0.017027691722259 0.528494479181155 
0.0162575566644379 0.515924078441942 
0.0155222535742704 0.518547614409823 
0.0148202070579885 0.520871867803303 
0.0141499129743457 0.5216471434488 
0.0135099352119802 0.523196746015528 
0.0128989026125331 0.521151919193968 
0.0123155060329282 0.519795824014232 
0.0117584955405215 0.517248145405631 
0.0112266777351081 0.519690194387969 
0.0107189131920513 0.521107698264893 
0.0102341140210545 0.521357681486576 
0.00977124153534647 0.520791855604392 
0.00932930402628466 0.519339821021849 
0.00890735463861042 0.517106208351656 
0.00850448934180266 0.522923707646421 
0.00811984499318399 0.518690654063653 
0.00775259748862944 0.518119523535706 
0.00740195999691563 0.520276090945754 
0.00706718127392747 0.52168293496887 
0.00674754405311068 0.521798821697228 
0.00644236350872136 0.520762465916152 
0.00615098578858049 0.519032694989601 
0.00587278661318947 0.519658504085543 
0.00560716993820544 0.519092179018648 
0.00535356667741071 0.520693242113221 
0.00511143348344016 0.518262783451654 
0.00488025158365442 0.520319691862668 
0.00465952566866467 0.518811445012779 
0.00444878283112757 0.521211368298991 
0.00424757155253689 0.520051050995621 
0.00405546073584082 0.520320076631881 
0.00387203878181254 0.521620153143879 
0.00369691270719502 0.519866977660115 
0.00352970730273064 0.519119716397317 
0.00337006432927192 0.51938131673418 
0.00321764175025073 0.520296836211273 
0.00307211299886175 0.520185667939915 
0.00293316627839004 0.520669995862581 
0.00280050389418362 0.518608476372738 
0.00267384161583994 0.520115440201115 
0.00255290806823951 0.520487094278499 
0.00243744415012221 0.519841682873549 
0.0023272024789604 0.520791499574848 
0.00222194686093952 0.520686403186521 
0.00212145178491062 0.520751637164832 
0.00202550193923066 0.519804289471575 
0.00193389175045523 0.520076089071832 
0.00184642494289554 0.519326846275628 
0.00176291411809594 0.520530379515393 
0.00168318035333095 0.520645787843862 
0.00160705281826163 0.520639214387457 
0.00153436840893001 0.519647118301734 
0.00146497139830728 0.520137510804362 
0.00139871310264723 0.520355171646766 
0.00133545156292989 0.52029720315816 
0.00127505124071301 0.519954733359129 
0.00121738272773966 0.519975554386729 
0.00116232246867985 0.52026339373284 
0.00110975249641207 0.520152263474416 
0.00105956017927761 0.519636284143532 
0.0010116379797662 0.519831216160025 
0.000965883224115867 0.520069548597324 
0.00092219788233343 0.519801962553893 
0.000880488358164343 0.520005627421297 
0.00084066528856183 0.520121388984955 
0.000802643352225715 0.51967607161379 
0.000766341086800743 0.520362735600487 
0.000731680714342717 0.520004341797089 
0.000698587974678522 0.519829840003217 
0.00066699196630301 0.520132753613694 
0.000636824994471857 0.520116018347892 
0.00060802242616494 0.519775287792016 
0.000580522551609488 0.52005373596183 
0.000554266452066309 0.519924362715319 
0.000529197873595842 0.51996959048353 
0.000505263106533566 0.520122914310789 
0.000482410870416535 0.520062433138612 
0.000460592204114509 0.52002228598664 
0.00043976036093027 0.519954601369434 
0.00041987070844439 0.520046620599729 
0.000400880632889845 0.520016073435231 
0.00038274944785163 0.5198343436329 
0.000365438307095724 0.519872407569124 
0.000348910121340676 0.520057965479349 
0.000333129478793466 0.520146175216353 
0.000318062569279411 0.51993217309512 
0.000303677111803545 0.5199046290934 
0.000289942285388287 0.519996410101693 
0.000276828663039206 0.519995803268399 
0.00026430814869741 0.520014374485262 
0.000252353917043476 0.520004579178229 
0.000240940356023952 0.519925892721729 
0.000230043011977291 0.519992276484244 
0.000219638537241654 0.519902299814004 
0.000209704640132322 0.519972872266614 
0.000200220037181558 0.520029839745183 
0.00019116440753857 0.520030263921678 
0.000182518349431904 0.520036027063725 
0.000174263338600964 0.520001559485168 
0.000166381688607612 0.519978115767954 
0.000158856512942805 0.520005987307528 
0.000151671688847092 0.520033740914375 
0.000144811822767453 0.52001695772267 
0.000138262217376465 0.519991843907691 
0.000132008840083141 0.520057974902959 
0.000126038292967972 0.520022339245595 
0.000120337784077758 0.52004925134443 
0.00011489510001873 0.519961847477343 
0.000109698579789238 0.519968189795009 
0.000104737089795945 0.520011829502183 
9.99999999999996e-05 0.520043074566026 
