1 0 
0.911162756115 0 
0.830217568132 0 
0.756463327555 0 
0.689261210435 0 
0.628029144183 0 
0.572236765935 0 
0.5214008288 0.111327868973 
0.47508101621 0.0718871631678 
0.432876128108 0.0426299898465 
0.394420605944 0.240666732199 
0.35938136638 0.393734858592 
0.327454916288 0.336643375798 
0.298364724028 0.29973994368 
0.271858824273 0.255575025685 
0.247707635599 0.318274314449 
0.225701971963 0.275826266259 
0.205651230835 0.315590866959 
0.187381742286 0.303547107301 
0.170735264747 0.362098781882 
0.155567614393 0.329251319653 
0.141747416293 0.264208081749 
0.129154966501 0.34610272369 
0.117681195243 0.335860787994 
0.107226722201 0.309180071752 
0.0977009957299 0.344854926335 
0.0890215085445 0.324166060267 
0.081113083079 0.357740142469 
0.0739072203353 0.354414282405 
0.0673415065775 0.344587944807 
0.0613590727341 0.326682763649 
0.0559081018251 0.333084434386 
0.0509413801482 0.348676608663 
0.0464158883361 0.353882011667 
0.0422924287439 0.351989182284 
0.0385352859371 0.342632641487 
0.0351119173422 0.346949884316 
0.031992671378 0.354827225864 
0.0291505306283 0.341213020695 
0.0265608778295 0.34491272754 
0.0242012826479 0.34442262246 
0.022051307399 0.345174795215 
0.0200923300257 0.344596920661 
0.018307382803 0.347807257513 
0.016681005372 0.34723609879 
0.0151991108295 0.346240535371 
0.0138488637139 0.34630732357 
0.0126185688307 0.34650642699 
0.011497569954 0.346615953806 
0.0104761575279 0.345249074628 
0.00954548456662 0.346066797462 
0.00869749002618 0.346037458139 
0.00792482898354 0.345329455401 
0.00722080901839 0.345921041044 
0.00657933224658 0.345659749397 
0.00599484250319 0.346255696247 
0.00546227721768 0.346115017496 
0.00497702356433 0.345533240573 
0.00453487850813 0.345837296391 
0.00413201240012 0.345819527763 
0.00376493580679 0.34591552371 
0.00343046928631 0.34610528409 
0.00312571584969 0.345924546335 
0.00284803586844 0.345883269956 
0.0025950242114 0.345921691943 
0.00236448941265 0.345972442197 
0.00215443469003 0.346025208466 
0.00196304065004 0.346015029312 
0.00178864952906 0.345928509897 
0.00162975083462 0.345917829738 
0.00148496826225 0.345892745323 
0.00135304777458 0.346003416285 
0.00123284673944 0.346034578414 
0.00112332403298 0.345966153402 
0.0010235310219 0.3459468262 
0.000932603346883 0.345988322927 
0.000849753435909 0.346007199484 
0.000774263682681 0.345975398345 
0.000705480231072 0.345951651565 
0.000642807311728 0.345981688892 
0.000585702081806 0.345993989094 
0.000533669923121 0.345990812751 
0.000486260158007 0.3459518287 
0.000443062145758 0.345966496168 
0.00040370172586 0.345975262011 
0.000367837977183 0.345963622664 
0.000335160265094 0.345986925541 
0.000305385550883 0.345961920899 
0.000278255940221 0.345980882837 
0.000253536449397 0.345967892415 
0.000231012970008 0.345982067748 
0.000210490414451 0.345976446195 
0.000191791026167 0.345980259984 
0.000174752840001 0.345964875664 
0.000159228279334 0.345976951037 
0.00014508287785 0.345974743322 
0.000132194114847 0.3459721023 
0.000120450354026 0.345967286735 
0.000109749876549 0.345976930076 
0.0001 0.345969641023 
