0 inf 
0.0408163265306 11.5059794295 
0.0816326530612 5.58328192958 
0.122448979592 3.61157945423 
0.163265306122 2.62800136307 
0.204081632653 2.03948810162 
0.244897959184 1.64863767896 
0.285714285714 1.37118012831 
0.326530612245 1.16366197385 
0.367346938776 1.00265304695 
0.408163265306 0.874607974166 
0.448979591837 0.770463066938 
0.489795918367 0.684073520147 
0.530612244898 0.61121727424 
0.571428571429 0.549146963641 
0.612244897959 0.495691662144 
0.65306122449 0.449256637241 
0.69387755102 0.408795617677 
0.734693877551 0.37387282918 
0.775510204082 0.344067802351 
0.816326530612 0.318386768373 
0.857142857143 0.296492877381 
0.897959183673 0.280236388076 
0.938775510204 0.274353082068 
0.979591836735 0.270609401921 
1.02040816327 0.268101122049 
1.0612244898 0.266653378429 
1.10204081633 0.266067277631 
1.14285714286 0.266070636287 
1.18367346939 0.266589109296 
1.22448979592 0.26752668982 
1.26530612245 0.268906829992 
1.30612244898 0.270684998169 
1.34693877551 0.272775593455 
1.38775510204 0.274972621165 
1.42857142857 0.277191561159 
1.4693877551 0.279421807425 
1.51020408163 0.281766833078 
1.55102040816 0.28412521748 
1.59183673469 0.286449436749 
1.63265306122 0.288768159997 
1.67346938776 0.291037278856 
1.71428571429 0.29326427052 
1.75510204082 0.295434430408 
1.79591836735 0.297596473503 
1.83673469388 0.299727249763 
1.87755102041 0.301846639597 
1.91836734694 0.303947914926 
1.95918367347 0.306016134321 
2 0.308059842962 
