0 1.91836734694 0.493029750837 
0 1.95918367347 0.491064946753 
0 2 0.489199377112 
0 2.04081632653 0.487424347036 
0 2.08163265306 0.485768869273 
0.0408163265306 1.91836734694 0.484595260576 
0.0408163265306 1.95918367347 0.482758297695 
0.0408163265306 2 0.481043213146 
0.0408163265306 2.04081632653 0.47941538957 
0.0408163265306 2.08163265306 0.477867006899 
0.0816326530612 1.91836734694 0.476208390769 
0.0816326530612 1.95918367347 0.474499525981 
0.0816326530612 2 0.472906087538 
0.0816326530612 2.04081632653 0.471422348883 
0.0816326530612 2.08163265306 0.470015087813 
0.122448979592 1.91836734694 0.467825035291 
0.122448979592 1.95918367347 0.466287382628 
0.122448979592 2 0.464815862185 
0.122448979592 2.04081632653 0.463447965787 
0.122448979592 2.08163265306 0.462178773415 
0.163265306122 1.91836734694 0.459501673839 
0.163265306122 1.95918367347 0.45807868039 
0.163265306122 2 0.456771313594 
0.163265306122 2.04081632653 0.455519544942 
0.163265306122 2.08163265306 0.454360750772 
0.204081632653 1.91836734694 0.451165994007 
0.204081632653 1.95918367347 0.449928722301 
0.204081632653 2 0.448730135892 
0.204081632653 2.04081632653 0.447635887322 
0.204081632653 2.08163265306 0.446587789158 
0.244897959184 1.91836734694 0.44288877212 
0.244897959184 1.95918367347 0.441766702465 
0.244897959184 2 0.440746503478 
0.244897959184 2.04081632653 0.439755533174 
0.244897959184 2.08163265306 0.438858713061 
0.285714285714 1.91836734694 0.434652224655 
0.285714285714 1.95918367347 0.433661922701 
0.285714285714 2 0.432751055476 
0.285714285714 2.04081632653 0.431931573409 
0.285714285714 2.08163265306 0.431132875661 
0.326530612245 1.91836734694 0.426481430998 
0.326530612245 1.95918367347 0.425596969974 
0.326530612245 2 0.424811679381 
0.326530612245 2.04081632653 0.424096034367 
0.326530612245 2.08163265306 0.423462326871 
0.367346938776 1.91836734694 0.418319627243 
0.367346938776 1.95918367347 0.417596401186 
0.367346938776 2 0.416911317526 
0.367346938776 2.04081632653 0.416315445793 
0.367346938776 2.08163265306 0.41578042585 
0.408163265306 1.91836734694 0.410231101766 
0.408163265306 1.95918367347 0.409604635009 
0.408163265306 2 0.409074025651 
0.408163265306 2.04081632653 0.408573091175 
0.408163265306 2.08163265306 0.408152397836 
0.448979591837 1.91836734694 0.402171821065 
0.448979591837 1.95918367347 0.401684620479 
0.448979591837 2 0.401245356744 
0.448979591837 2.04081632653 0.400892545138 
0.448979591837 2.08163265306 0.400561854093 
0.489795918367 1.91836734694 0.394137545913 
0.489795918367 1.95918367347 0.393793241459 
0.489795918367 2 0.393486975163 
0.489795918367 2.04081632653 0.393220449609 
0.489795918367 2.08163265306 0.393031906998 
0.530612244898 1.91836734694 0.38614695775 
0.530612244898 1.95918367347 0.38592634704 
0.530612244898 2 0.385756644695 
0.530612244898 2.04081632653 0.38561723566 
0.530612244898 2.08163265306 0.385510244714 
0.571428571429 1.91836734694 0.378206210873 
0.571428571429 1.95918367347 0.378102229464 
0.571428571429 2 0.378050299141 
0.571428571429 2.04081632653 0.378041511801 
0.571428571429 2.08163265306 0.378056113392 
0.612244897959 1.83673469388 0.370475199253 
0.612244897959 1.87755102041 0.370370351004 
0.612244897959 1.91836734694 0.370308468651 
0.612244897959 1.95918367347 0.370326914813 
0.612244897959 2 0.370385857434 
0.65306122449 1.79591836735 0.362496293353 
0.65306122449 1.83673469388 0.362429299343 
0.65306122449 1.87755102041 0.362421390574 
0.65306122449 1.91836734694 0.36249013077 
0.65306122449 1.95918367347 0.362593708887 
0.69387755102 1.71428571429 0.354613724664 
0.69387755102 1.75510204082 0.354445053963 
0.69387755102 1.79591836735 0.354391160912 
0.69387755102 1.83673469388 0.354440820167 
0.69387755102 1.87755102041 0.354550401531 
0.734693877551 1.67346938776 0.346896165506 
0.734693877551 1.71428571429 0.346513910182 
0.734693877551 1.75510204082 0.346366893857 
0.734693877551 1.79591836735 0.346389484555 
0.734693877551 1.83673469388 0.346515801781 
0.775510204082 1.67346938776 0.339050670631 
0.775510204082 1.71428571429 0.338636732994 
0.775510204082 1.75510204082 0.338455447155 
0.775510204082 1.79591836735 0.338494918997 
0.775510204082 1.83673469388 0.338691940454 
0.816326530612 1.67346938776 0.331377101981 
0.816326530612 1.71428571429 0.330978035616 
0.816326530612 1.75510204082 0.330761460133 
0.816326530612 1.79591836735 0.330763277901 
0.816326530612 1.83673469388 0.330972809686 
0.857142857143 1.71428571429 0.323487170982 
0.857142857143 1.75510204082 0.323280871997 
0.857142857143 1.79591836735 0.323244154221 
0.857142857143 1.83673469388 0.323412982837 
0.857142857143 1.87755102041 0.323777748606 
0.897959183673 1.71428571429 0.316170997492 
0.897959183673 1.75510204082 0.315964213517 
0.897959183673 1.79591836735 0.315933579452 
0.897959183673 1.83673469388 0.316060950794 
0.897959183673 1.87755102041 0.316382265819 
0.938775510204 1.71428571429 0.308995775101 
0.938775510204 1.75510204082 0.308818183597 
0.938775510204 1.79591836735 0.308783208664 
0.938775510204 1.83673469388 0.308912833242 
0.938775510204 1.87755102041 0.309190060559 
0.979591836735 1.71428571429 0.301934434174 
0.979591836735 1.75510204082 0.301809826843 
0.979591836735 1.79591836735 0.301799588515 
0.979591836735 1.83673469388 0.301921359583 
0.979591836735 1.87755102041 0.302197336867 
1.02040816327 1.67346938776 0.295145420247 
1.02040816327 1.71428571429 0.294968135774 
1.02040816327 1.75510204082 0.294912703146 
1.02040816327 1.79591836735 0.294950512597 
1.02040816327 1.83673469388 0.295092930992 
1.0612244898 1.67346938776 0.288216661024 
1.0612244898 1.71428571429 0.288118148337 
1.0612244898 1.75510204082 0.288108411686 
1.0612244898 1.79591836735 0.288210141711 
1.0612244898 1.83673469388 0.288396056761 
1.10204081633 1.63265306122 0.281643455377 
1.10204081633 1.67346938776 0.281424772456 
1.10204081633 1.71428571429 0.281354359571 
1.10204081633 1.75510204082 0.281417726282 
1.10204081633 1.79591836735 0.281560493239 
1.14285714286 1.63265306122 0.274971328689 
1.14285714286 1.67346938776 0.274774102807 
1.14285714286 1.71428571429 0.274724182636 
1.14285714286 1.75510204082 0.27481123493 
1.14285714286 1.79591836735 0.275021868867 
1.18367346939 1.63265306122 0.268568866222 
1.18367346939 1.67346938776 0.268264710916 
1.18367346939 1.71428571429 0.268231862264 
1.18367346939 1.75510204082 0.268335248156 
1.18367346939 1.79591836735 0.268565525045 
1.22448979592 1.63265306122 0.262533236964 
1.22448979592 1.67346938776 0.26201840607 
1.22448979592 1.71428571429 0.261877455895 
1.22448979592 1.75510204082 0.261993911978 
1.22448979592 1.79591836735 0.262236719789 
1.26530612245 1.63265306122 0.257083479189 
1.26530612245 1.67346938776 0.256129987282 
1.26530612245 1.71428571429 0.255779872592 
1.26530612245 1.75510204082 0.255787282502 
1.26530612245 1.79591836735 0.256039504888 
1.30612244898 1.67346938776 0.250813150428 
1.30612244898 1.71428571429 0.250031654251 
1.30612244898 1.75510204082 0.249831503462 
1.30612244898 1.79591836735 0.249973935172 
1.30612244898 1.83673469388 0.250349738113 
1.34693877551 1.71428571429 0.244841408751 
1.34693877551 1.75510204082 0.244216964617 
1.34693877551 1.79591836735 0.244153514747 
1.34693877551 1.83673469388 0.244418958835 
1.34693877551 1.87755102041 0.244907352502 
1.38775510204 1.71428571429 0.240127983892 
1.38775510204 1.75510204082 0.239147422501 
1.38775510204 1.79591836735 0.238666579058 
1.38775510204 1.83673469388 0.238727881086 
1.38775510204 1.87755102041 0.239105503208 
1.42857142857 1.75510204082 0.234543612174 
1.42857142857 1.79591836735 0.233712253808 
1.42857142857 1.83673469388 0.233362877301 
1.42857142857 1.87755102041 0.233538144541 
1.42857142857 1.91836734694 0.234018152076 
1.4693877551 1.79591836735 0.229213075534 
1.4693877551 1.83673469388 0.228518648168 
1.4693877551 1.87755102041 0.228289771273 
1.4693877551 1.91836734694 0.228569247848 
1.4693877551 1.95918367347 0.229142773908 
1.51020408163 1.83673469388 0.224119451633 
1.51020408163 1.87755102041 0.223550851469 
1.51020408163 1.91836734694 0.223432542097 
1.51020408163 1.95918367347 0.223807388518 
1.51020408163 2 0.224466390767 
1.55102040816 1.87755102041 0.219247289641 
1.55102040816 1.91836734694 0.218794450373 
1.55102040816 1.95918367347 0.21877769747 
1.55102040816 2 0.219239890793 
1.55102040816 2.04081632653 0.219977062951 
1.59183673469 1.87755102041 0.215211994129 
1.59183673469 1.91836734694 0.214582453691 
1.59183673469 1.95918367347 0.214236232657 
1.59183673469 2 0.214312846501 
1.59183673469 2.04081632653 0.214855092978 
1.63265306122 1.91836734694 0.21063301553 
1.63265306122 1.95918367347 0.210111985906 
1.63265306122 2 0.209864064644 
1.63265306122 2.04081632653 0.210026589571 
1.63265306122 2.08163265306 0.210642248017 
1.67346938776 1.91836734694 0.207001131737 
1.67346938776 1.95918367347 0.206244827707 
1.67346938776 2 0.205823986193 
1.67346938776 2.04081632653 0.205666783351 
1.67346938776 2.08163265306 0.205908421148 
1.71428571429 1.91836734694 0.203725332647 
1.71428571429 1.95918367347 0.202688608159 
1.71428571429 2 0.20203574959 
1.71428571429 2.04081632653 0.201707506469 
1.71428571429 2.08163265306 0.201634101325 
1.75510204082 1.91836734694 0.200793527085 
1.75510204082 1.95918367347 0.199481054884 
1.75510204082 2 0.198552105952 
1.75510204082 2.04081632653 0.197995034599 
1.75510204082 2.08163265306 0.197752457323 
1.79591836735 1.91836734694 0.200007232164 
1.79591836735 1.95918367347 0.196610328604 
1.79591836735 2 0.195410012947 
1.79591836735 2.04081632653 0.194581063833 
1.79591836735 2.08163265306 0.194112779018 
1.83673469388 1.91836734694 0.201909788541 
1.83673469388 1.95918367347 0.195840414827 
1.83673469388 2 0.192597872918 
1.83673469388 2.04081632653 0.191501812688 
1.83673469388 2.08163265306 0.190765748856 
1.87755102041 1.91836734694 0.204171680451 
1.87755102041 1.95918367347 0.197703334613 
1.87755102041 2 0.191843671667 
1.87755102041 2.04081632653 0.188745915459 
1.87755102041 2.08163265306 0.187746875185 
1.91836734694 1.91836734694 0.206809649859 
1.91836734694 1.95918367347 0.199918103775 
1.91836734694 2 0.193668572682 
1.91836734694 2.04081632653 0.188006798234 
1.91836734694 2.08163265306 0.185045015156 
1.95918367347 1.91836734694 0.209846733305 
1.95918367347 1.95918367347 0.202501115487 
1.95918367347 2 0.195838142474 
1.95918367347 2.04081632653 0.189795201228 
1.95918367347 2.08163265306 0.184320390426 
2 1.91836734694 0.213444162447 
2 1.95918367347 0.205474926361 
2 2 0.198368439661 
2 2.04081632653 0.191921379624 
2 2.08163265306 0.186073726695 