0 1.67346938776 0.461949168705 
0 1.71428571429 0.474105773477 
0 1.75510204082 0.4562379945 
0 1.79591836735 0.462626056621 
0 1.83673469388 0.4631544555 
0.105263157895 1.79591836735 0.444869380126 
0.105263157895 1.83673469388 0.453492140125 
0.105263157895 1.87755102041 0.421474978181 
0.105263157895 1.91836734694 0.436016066986 
0.105263157895 1.95918367347 0.442696262417 
0.210526315789 1.79591836735 0.420818298533 
0.210526315789 1.83673469388 0.414013237696 
0.210526315789 1.87755102041 0.406336402591 
0.210526315789 1.91836734694 0.425814828352 
0.210526315789 1.95918367347 0.406599844257 
0.315789473684 1.22448979592 0.422582739344 
0.315789473684 1.26530612245 0.408854695451 
0.315789473684 1.30612244898 0.385381082439 
0.315789473684 1.34693877551 0.399879413123 
0.315789473684 1.38775510204 0.420044075253 
0.421052631579 1.02040816327 0.394485522551 
0.421052631579 1.0612244898 0.386107291474 
0.421052631579 1.10204081633 0.345567964327 
0.421052631579 1.14285714286 0.363617922862 
0.421052631579 1.18367346939 0.392004582472 
0.526315789474 0.979591836735 0.355075340123 
0.526315789474 1.02040816327 0.345056555786 
0.526315789474 1.0612244898 0.327637601771 
0.526315789474 1.10204081633 0.343420397165 
0.526315789474 1.14285714286 0.350890524238 
0.631578947368 1.22448979592 0.326934082954 
0.631578947368 1.26530612245 0.322030989004 
0.631578947368 1.30612244898 0.29809406716 
0.631578947368 1.34693877551 0.305732328631 
0.631578947368 1.38775510204 0.33651760762 
0.736842105263 1.34693877551 0.300956777445 
0.736842105263 1.38775510204 0.299300173558 
0.736842105263 1.42857142857 0.270503863189 
0.736842105263 1.4693877551 0.290546600662 
0.736842105263 1.51020408163 0.304843152352 
0.842105263158 1.30612244898 0.268104184808 
0.842105263158 1.34693877551 0.267939969102 
0.842105263158 1.38775510204 0.256067014864 
0.842105263158 1.42857142857 0.275037563037 
0.842105263158 1.4693877551 0.276664081222 
0.947368421053 1.55102040816 0.261613068952 
0.947368421053 1.59183673469 0.258642954956 
0.947368421053 1.63265306122 0.234461958907 
0.947368421053 1.67346938776 0.256122886463 
0.947368421053 1.71428571429 0.26868491417 
1.05263157895 1.18367346939 0.235960404519 
1.05263157895 1.22448979592 0.22526590838 
1.05263157895 1.26530612245 0.222037594831 
1.05263157895 1.30612244898 0.233910839372 
1.05263157895 1.34693877551 0.230382025122 
1.15789473684 1.38775510204 0.216697315936 
1.15789473684 1.42857142857 0.225431032346 
1.15789473684 1.4693877551 0.204548766427 
1.15789473684 1.51020408163 0.216189171615 
1.15789473684 1.55102040816 0.219787884114 
1.26315789474 1.51020408163 0.19102122572 
1.26315789474 1.55102040816 0.216072508689 
1.26315789474 1.59183673469 0.189525764533 
1.26315789474 1.63265306122 0.194814676941 
1.26315789474 1.67346938776 0.209803516359 
1.36842105263 1.59183673469 0.184990555694 
1.36842105263 1.63265306122 0.194085205258 
1.36842105263 1.67346938776 0.177918099487 
1.36842105263 1.71428571429 0.189453877729 
1.36842105263 1.75510204082 0.194608665696 
1.47368421053 1.71428571429 0.170872837168 
1.47368421053 1.75510204082 0.187287228316 
1.47368421053 1.79591836735 0.167074869334 
1.47368421053 1.83673469388 0.172230260712 
1.47368421053 1.87755102041 0.187334825167 
1.57894736842 1.79591836735 0.163803784115 
1.57894736842 1.83673469388 0.167115074142 
1.57894736842 1.87755102041 0.154519781295 
1.57894736842 1.91836734694 0.162715031008 
1.57894736842 1.95918367347 0.173425201384 
1.68421052632 1.91836734694 0.151909995636 
1.68421052632 1.95918367347 0.170626830168 
1.68421052632 2 0.150419650651 
1.68421052632 2.04081632653 0.161936721544 
1.68421052632 2.08163265306 0.164538914836 
1.78947368421 1.87755102041 0.150739888502 
1.78947368421 1.91836734694 0.145563070378 
1.78947368421 1.95918367347 0.140152501428 
1.78947368421 2 0.141019836722 
1.78947368421 2.04081632653 0.149645930884 
1.89473684211 1.91836734694 0.158696492414 
1.89473684211 1.95918367347 0.146653204807 
1.89473684211 2 0.146366424408 
1.89473684211 2.04081632653 0.142822927778 
1.89473684211 2.08163265306 0.136170604087 
2 1.91836734694 0.160880353969 
2 1.95918367347 0.159027195738 
2 2 0.156852605971 
2 2.04081632653 0.148091842503 
2 2.08163265306 0.136468695981 
