0 1.55555555556 0.511636335492 
0 1.77777777778 0.506532489241 
0 2 0.453599867725 
0.0408163265306 1.55555555556 0.498577200608 
0.0408163265306 1.77777777778 0.500120316833 
0.0408163265306 2 0.445883986911 
0.0816326530612 1.55555555556 0.492042420604 
0.0816326530612 1.77777777778 0.482974863081 
0.0816326530612 2 0.442855950793 
0.122448979592 1.55555555556 0.490502633239 
0.122448979592 1.77777777778 0.473250692978 
0.122448979592 2 0.445450603322 
0.163265306122 1.55555555556 0.465759871035 
0.163265306122 1.77777777778 0.477576560987 
0.163265306122 2 0.441103822897 
0.204081632653 1.11111111111 0.474556318535 
0.204081632653 1.33333333333 0.466119771768 
0.204081632653 1.55555555556 0.447641699514 
0.204081632653 1.77777777778 0.457648444865 
0.204081632653 2 0.451075398444 
0.244897959184 1.11111111111 0.477271088167 
0.244897959184 1.33333333333 0.461347174585 
0.244897959184 1.55555555556 0.424078149329 
0.244897959184 1.77777777778 0.440432980146 
0.244897959184 2 0.446478399836 
0.285714285714 1.33333333333 0.445485143766 
0.285714285714 1.55555555556 0.423170885819 
0.285714285714 1.77777777778 0.421398187725 
0.285714285714 2 0.432241085412 
0.326530612245 1.11111111111 0.474435796589 
0.326530612245 1.33333333333 0.448383155603 
0.326530612245 1.55555555556 0.416482962045 
0.326530612245 1.77777777778 0.430041500435 
0.326530612245 2 0.425664367199 
0.367346938776 1.33333333333 0.439121769551 
0.367346938776 1.55555555556 0.413278823757 
0.367346938776 1.77777777778 0.402923606519 
0.367346938776 2 0.414996675569 
0.408163265306 1.33333333333 0.408787303855 
0.408163265306 1.55555555556 0.406772795499 
0.408163265306 1.77777777778 0.395520126152 
0.408163265306 2 0.415755240832 
0.448979591837 1.33333333333 0.391021331542 
0.448979591837 1.55555555556 0.40148196292 
0.448979591837 1.77777777778 0.377856936875 
0.448979591837 2 0.39624258488 
0.489795918367 1.33333333333 0.391036939385 
0.489795918367 1.55555555556 0.382366808964 
0.489795918367 1.77777777778 0.373928018331 
0.489795918367 2 0.385125538477 
0.530612244898 1.33333333333 0.393344534955 
0.530612244898 1.55555555556 0.391206075647 
0.530612244898 1.77777777778 0.379077474305 
0.530612244898 2 0.382029108839 
0.571428571429 1.33333333333 0.384454531162 
0.571428571429 1.55555555556 0.367547649046 
0.571428571429 1.77777777778 0.365173077888 
0.571428571429 2 0.380831255416 
0.612244897959 1.33333333333 0.387996348927 
0.612244897959 1.55555555556 0.365030192911 
0.612244897959 1.77777777778 0.361364982359 
0.612244897959 2 0.362563123781 
0.65306122449 1.11111111111 0.385581855837 
0.65306122449 1.33333333333 0.344759646281 
0.65306122449 1.55555555556 0.340417862114 
0.65306122449 1.77777777778 0.349935104747 
0.65306122449 2 0.347550659197 
0.69387755102 1.55555555556 0.34134092961 
0.69387755102 1.77777777778 0.344462718856 
0.69387755102 2 0.32834057628 
0.734693877551 1.33333333333 0.338212620961 
0.734693877551 1.55555555556 0.341274715323 
0.734693877551 1.77777777778 0.331676604008 
0.734693877551 2 0.337552057626 
0.775510204082 1.55555555556 0.334493412895 
0.775510204082 1.77777777778 0.339368501126 
0.775510204082 2 0.324244565247 
0.816326530612 0.888888888889 0.385284690434 
0.816326530612 1.11111111111 0.344166690167 
0.816326530612 1.33333333333 0.320058080047 
0.816326530612 1.55555555556 0.335552055001 
0.816326530612 1.77777777778 0.339590699353 
0.857142857143 1.33333333333 0.306391271539 
0.857142857143 1.55555555556 0.304762288648 
0.857142857143 1.77777777778 0.304301564293 
0.857142857143 2 0.309815115703 
0.897959183673 1.11111111111 0.325988706775 
0.897959183673 1.33333333333 0.309409270133 
0.897959183673 1.55555555556 0.285039756655 
0.897959183673 1.77777777778 0.290159308612 
0.897959183673 2 0.311717320742 
0.938775510204 1.11111111111 0.317485812519 
0.938775510204 1.33333333333 0.290451136531 
0.938775510204 1.55555555556 0.282353728706 
0.938775510204 1.77777777778 0.303135659491 
0.938775510204 2 0.296879224052 
0.979591836735 1.11111111111 0.313987250823 
0.979591836735 1.33333333333 0.310888444767 
0.979591836735 1.55555555556 0.295179648816 
0.979591836735 1.77777777778 0.298783298772 
0.979591836735 2 0.300471532448 
1.02040816327 1.11111111111 0.303883257536 
1.02040816327 1.33333333333 0.288708304028 
1.02040816327 1.55555555556 0.276596993912 
1.02040816327 1.77777777778 0.287056295927 
1.02040816327 2 0.28376965088 
1.0612244898 0.888888888889 0.427384747622 
1.0612244898 1.11111111111 0.316041608982 
1.0612244898 1.33333333333 0.266097894919 
1.0612244898 1.55555555556 0.273563703781 
1.0612244898 1.77777777778 0.288081394277 
1.10204081633 1.33333333333 0.272306233776 
1.10204081633 1.55555555556 0.273360965013 
1.10204081633 1.77777777778 0.257376871289 
1.10204081633 2 0.264328679858 
1.14285714286 1.33333333333 0.260237268504 
1.14285714286 1.55555555556 0.267270253443 
1.14285714286 1.77777777778 0.249247956233 
1.14285714286 2 0.265052718668 
1.18367346939 1.11111111111 0.339396850899 
1.18367346939 1.33333333333 0.273662451157 
1.18367346939 1.55555555556 0.242606800291 
1.18367346939 1.77777777778 0.259668675568 
1.18367346939 2 0.261972303531 
1.22448979592 1.33333333333 0.269900813225 
1.22448979592 1.55555555556 0.255947515095 
1.22448979592 1.77777777778 0.254245451412 
1.22448979592 2 0.259004520728 
1.26530612245 1.33333333333 0.25488303972 
1.26530612245 1.55555555556 0.244800288746 
1.26530612245 1.77777777778 0.241301358028 
1.26530612245 2 0.258371074706 
1.30612244898 1.33333333333 0.277638088926 
1.30612244898 1.55555555556 0.234005531102 
1.30612244898 1.77777777778 0.232599344532 
1.30612244898 2 0.233772316505 
1.34693877551 1.55555555556 0.226044023324 
1.34693877551 1.77777777778 0.231807682809 
1.34693877551 2 0.215629315414 
1.38775510204 1.33333333333 0.282632641427 
1.38775510204 1.55555555556 0.229991985732 
1.38775510204 1.77777777778 0.216869399854 
1.38775510204 2 0.22072477695 
1.42857142857 1.11111111111 0.351484595581 
1.42857142857 1.33333333333 0.293751901861 
1.42857142857 1.55555555556 0.227506453264 
1.42857142857 1.77777777778 0.232209027032 
1.42857142857 2 0.229982189195 
1.4693877551 1.55555555556 0.21948200656 
1.4693877551 1.77777777778 0.216355621862 
1.4693877551 2 0.2134747397 
1.51020408163 1.33333333333 0.298632459928 
1.51020408163 1.55555555556 0.235599621773 
1.51020408163 1.77777777778 0.203110418052 
1.51020408163 2 0.212519642623 
1.55102040816 1.33333333333 0.317604244799 
1.55102040816 1.55555555556 0.239569821915 
1.55102040816 1.77777777778 0.203372821025 
1.55102040816 2 0.212378208026 
1.59183673469 1.33333333333 0.326287073308 
1.59183673469 1.55555555556 0.232252141168 
1.59183673469 1.77777777778 0.195078542446 
1.59183673469 2 0.206318918378 
1.63265306122 1.55555555556 0.250723815519 
1.63265306122 1.77777777778 0.196464746596 
1.63265306122 2 0.190514632569 
1.67346938776 1.33333333333 0.328937576615 
1.67346938776 1.55555555556 0.248022359176 
1.67346938776 1.77777777778 0.198029948396 
1.67346938776 2 0.198239754884 
1.71428571429 1.55555555556 0.242231104055 
1.71428571429 1.77777777778 0.193291320925 
1.71428571429 2 0.188943840053 
1.75510204082 1.55555555556 0.254123911723 
1.75510204082 1.77777777778 0.208934674181 
1.75510204082 2 0.189055480201 
1.79591836735 1.55555555556 0.27725695084 
1.79591836735 1.77777777778 0.213965852455 
1.79591836735 2 0.175714261786 
1.83673469388 1.55555555556 0.271403896653 
1.83673469388 1.77777777778 0.214170992096 
1.83673469388 2 0.18267510583 
1.87755102041 1.55555555556 0.258909413333 
1.87755102041 1.77777777778 0.217482858586 
1.87755102041 2 0.178175486279 
1.91836734694 1.55555555556 0.284934812857 
1.91836734694 1.77777777778 0.205084254938 
1.91836734694 2 0.173235242939 
1.95918367347 1.55555555556 0.29607129209 
1.95918367347 1.77777777778 0.222628107812 
1.95918367347 2 0.181300431655 
2 1.55555555556 0.288442857143 
2 1.77777777778 0.24857958987 
2 2 0.185050290462 
