0 2 0.444166222896 
0.0408163265306 2 0.435513416653 
0.0816326530612 2 0.426994873574 
0.122448979592 1.958 0.418430038518 
0.122448979592 1.964 0.418352980336 
0.122448979592 1.97 0.418334120931 
0.122448979592 1.976 0.418322931976 
0.122448979592 1.982 0.418405676575 
0.122448979592 1.988 0.418296926272 
0.122448979592 1.994 0.418394885236 
0.122448979592 2 0.418386774182 
0.122448979592 2.006 0.41842157374 
0.163265306122 0.838793353148 0.404083732565 
0.163265306122 0.844793353148 0.404036059029 
0.163265306122 0.850793353148 0.403953353206 
0.163265306122 0.856793353148 0.404000126348 
0.163265306122 0.862793353148 0.404013945918 
0.163265306122 0.868793353148 0.403971756997 
0.163265306122 0.874793353148 0.404025540677 
0.163265306122 0.880793353148 0.404061670466 
0.163265306122 0.886793353148 0.404153608647 
0.204081632653 0.795806901891 0.384742044896 
0.204081632653 0.801806901891 0.384645124852 
0.204081632653 0.807806901891 0.384685741211 
0.204081632653 0.813806901891 0.384577383016 
0.204081632653 0.819806901891 0.38463597535 
0.204081632653 0.825806901891 0.38469257666 
0.204081632653 0.831806901891 0.384677792639 
0.204081632653 0.837806901891 0.384784893593 
0.204081632653 0.843806901891 0.384754204441 
0.244897959184 0.787103694363 0.365946800954 
0.244897959184 0.793103694363 0.36587447858 
0.244897959184 0.799103694363 0.365739780506 
0.244897959184 0.805103694363 0.365733544764 
0.244897959184 0.811103694363 0.365741753915 
0.244897959184 0.817103694363 0.365770710888 
0.244897959184 0.823103694363 0.365749623747 
0.244897959184 0.829103694363 0.365898801355 
0.244897959184 0.835103694363 0.365878968507 
0.285714285714 0.794437329345 0.348012399194 
0.285714285714 0.800437329345 0.347882873524 
0.285714285714 0.806437329345 0.347849204057 
0.285714285714 0.812437329345 0.347808526816 
0.285714285714 0.818437329345 0.347810673073 
0.285714285714 0.824437329345 0.347868777655 
0.285714285714 0.830437329345 0.347944679553 
0.285714285714 0.836437329345 0.34795769582 
0.285714285714 0.842437329345 0.348079589798 
0.326530612245 0.793231918754 0.331228946635 
0.326530612245 0.799231918754 0.331044851691 
0.326530612245 0.805231918754 0.33096417033 
0.326530612245 0.811231918754 0.331007320709 
0.326530612245 0.817231918754 0.330934709088 
0.326530612245 0.823231918754 0.33096179482 
0.326530612245 0.829231918754 0.330964826228 
0.326530612245 0.835231918754 0.330992898373 
0.326530612245 0.841231918754 0.331068325966 
0.367346938776 0.80290832811 0.315066533362 
0.367346938776 0.80890832811 0.315017891767 
0.367346938776 0.81490832811 0.315028105842 
0.367346938776 0.82090832811 0.314939077661 
0.367346938776 0.82690832811 0.314929885961 
0.367346938776 0.83290832811 0.314925367044 
0.367346938776 0.83890832811 0.3149833288 
0.367346938776 0.84490832811 0.315040630048 
0.367346938776 0.85090832811 0.315145566194 
0.408163265306 0.797762810464 0.299980513564 
0.408163265306 0.803762810464 0.299888542135 
0.408163265306 0.809762810464 0.299820464453 
0.408163265306 0.815762810464 0.299760393248 
0.408163265306 0.821762810464 0.299804663996 
0.408163265306 0.827762810464 0.299778430819 
0.408163265306 0.833762810464 0.299759278472 
0.408163265306 0.839762810464 0.299807878554 
0.408163265306 0.845762810464 0.299826811883 
0.448979591837 0.815475730075 0.285456302222 
0.448979591837 0.821475730075 0.28544706619 
0.448979591837 0.827475730075 0.285344818421 
0.448979591837 0.833475730075 0.285349140884 
0.448979591837 0.839475730075 0.285361620889 
0.448979591837 0.845475730075 0.285406595707 
0.448979591837 0.851475730075 0.285442947337 
0.448979591837 0.857475730075 0.285500586897 
0.448979591837 0.863475730075 0.285576367607 
0.489795918367 0.82179314222 0.272006471804 
0.489795918367 0.82779314222 0.271932056415 
0.489795918367 0.83379314222 0.271857556055 
0.489795918367 0.83979314222 0.271835690811 
0.489795918367 0.84579314222 0.271833630112 
0.489795918367 0.85179314222 0.271843255873 
0.489795918367 0.85779314222 0.271914336381 
0.489795918367 0.86379314222 0.27191804292 
0.489795918367 0.86979314222 0.271976495438 
0.530612244898 0.832139497316 0.259197510477 
0.530612244898 0.838139497316 0.259134525611 
0.530612244898 0.844139497316 0.259107416359 
0.530612244898 0.850139497316 0.259073080625 
0.530612244898 0.856139497316 0.259067574215 
0.530612244898 0.862139497316 0.259118153609 
0.530612244898 0.868139497316 0.259114743453 
0.530612244898 0.874139497316 0.259198520801 
0.530612244898 0.880139497316 0.259234084678 
0.571428571429 0.848214292172 0.24715361515 
0.571428571429 0.854214292172 0.24712129535 
0.571428571429 0.860214292172 0.247117233385 
0.571428571429 0.866214292172 0.247058724672 
0.571428571429 0.872214292172 0.24705457303 
0.571428571429 0.878214292172 0.247081456042 
0.571428571429 0.884214292172 0.247127730791 
0.571428571429 0.890214292172 0.247200430718 
0.571428571429 0.896214292172 0.247260408633 
0.612244897959 0.864905948708 0.235955794397 
0.612244897959 0.870905948708 0.235874128551 
0.612244897959 0.876905948708 0.235854403718 
0.612244897959 0.882905948708 0.235786812656 
0.612244897959 0.888905948708 0.235788330867 
0.612244897959 0.894905948708 0.235858557846 
0.612244897959 0.900905948708 0.235882118739 
0.612244897959 0.906905948708 0.235953505908 
0.612244897959 0.912905948708 0.236040262242 
0.65306122449 0.88738577094 0.225510488824 
0.65306122449 0.89338577094 0.225446532368 
0.65306122449 0.89938577094 0.225372103819 
0.65306122449 0.90538577094 0.225330200024 
0.65306122449 0.91138577094 0.225320281832 
0.65306122449 0.91738577094 0.225356363631 
0.65306122449 0.92338577094 0.225386352884 
0.65306122449 0.92938577094 0.225462525673 
0.65306122449 0.93538577094 0.225529943578 
0.69387755102 0.908164065964 0.215893639266 
0.69387755102 0.914164065964 0.215770784985 
0.69387755102 0.920164065964 0.215670200362 
0.69387755102 0.926164065964 0.215628435835 
0.69387755102 0.932164065964 0.215592020714 
0.69387755102 0.938164065964 0.215592535634 
0.69387755102 0.944164065964 0.215628055292 
0.69387755102 0.950164065964 0.215658945209 
0.69387755102 0.956164065964 0.215734941045 
0.734693877551 0.941154931078 0.206733866439 
0.734693877551 0.947154931078 0.206604796756 
0.734693877551 0.953154931078 0.206532992747 
0.734693877551 0.959154931078 0.206532194753 
0.734693877551 0.965154931078 0.206502978606 
0.734693877551 0.971154931078 0.206528124047 
0.734693877551 0.977154931078 0.206617592423 
0.734693877551 0.983154931078 0.206666487573 
0.734693877551 0.989154931078 0.2067282293 
0.775510204082 0.968702161128 0.198322521426 
0.775510204082 0.974702161128 0.198229127764 
0.775510204082 0.980702161128 0.198128167668 
0.775510204082 0.986702161128 0.198085921516 
0.775510204082 0.992702161128 0.198071499135 
0.775510204082 0.998702161128 0.19809698952 
0.775510204082 1.00470216113 0.198121822632 
0.775510204082 1.01070216113 0.198225703263 
0.775510204082 1.01670216113 0.19828961028 
0.816326530612 0.99834159084 0.190581141244 
0.816326530612 1.00434159084 0.190409179631 
0.816326530612 1.01034159084 0.190299846863 
0.816326530612 1.01634159084 0.19025535878 
0.816326530612 1.02234159084 0.190212206795 
0.816326530612 1.02834159084 0.190225688423 
0.816326530612 1.03434159084 0.190266720028 
0.816326530612 1.04034159084 0.190320221121 
0.816326530612 1.04634159084 0.190405601373 
0.857142857143 1.03772611363 0.183141034698 
0.857142857143 1.04372611363 0.182986248754 
0.857142857143 1.04972611363 0.182933909908 
0.857142857143 1.05572611363 0.182907989327 
0.857142857143 1.06172611363 0.182883193835 
0.857142857143 1.06772611363 0.182937060983 
0.857142857143 1.07372611363 0.183014096383 
0.857142857143 1.07972611363 0.183112646634 
0.857142857143 1.08572611363 0.183244008462 
0.897959183673 1.06556462822 0.176730757266 
0.897959183673 1.07156462822 0.176464550534 
0.897959183673 1.07756462822 0.176244334781 
0.897959183673 1.08356462822 0.176092203596 
0.897959183673 1.08956462822 0.176072018219 
0.897959183673 1.09556462822 0.176084019916 
0.897959183673 1.10156462822 0.176121027679 
0.897959183673 1.10756462822 0.176196575902 
0.897959183673 1.11356462822 0.176289884792 
0.938775510204 1.1038607872 0.170309957229 
0.938775510204 1.1098607872 0.170080328305 
0.938775510204 1.1158607872 0.16986224701 
0.938775510204 1.1218607872 0.169748822048 
0.938775510204 1.1278607872 0.16970154838 
0.938775510204 1.1338607872 0.16973774852 
0.938775510204 1.1398607872 0.169824640173 
0.938775510204 1.1458607872 0.169898174387 
0.938775510204 1.1518607872 0.170008067263 
0.979591836735 1.14457717103 0.164256034504 
0.979591836735 1.15057717103 0.164060222318 
0.979591836735 1.15657717103 0.163894412001 
0.979591836735 1.16257717103 0.163788535339 
0.979591836735 1.16857717103 0.163775451101 
0.979591836735 1.17457717103 0.163835117645 
0.979591836735 1.18057717103 0.163934431546 
0.979591836735 1.18657717103 0.16403862337 
0.979591836735 1.19257717103 0.164181343258 
1.02040816327 1.18064553671 0.158774948284 
1.02040816327 1.18664553671 0.158571532119 
1.02040816327 1.19264553671 0.158364121226 
1.02040816327 1.19864553671 0.158304865489 
1.02040816327 1.20464553671 0.158249582999 
1.02040816327 1.21064553671 0.158269142332 
1.02040816327 1.21664553671 0.158371306603 
1.02040816327 1.22264553671 0.158477056003 
1.02040816327 1.22864553671 0.158611371548 
1.0612244898 1.21805950155 0.153578676127 
1.0612244898 1.22405950155 0.153373097247 
1.0612244898 1.23005950155 0.153191924261 
1.0612244898 1.23605950155 0.15310368443 
1.0612244898 1.24205950155 0.153066354458 
1.0612244898 1.24805950155 0.153078942773 
1.0612244898 1.25405950155 0.153156367822 
1.0612244898 1.26005950155 0.153284835147 
1.0612244898 1.26605950155 0.153447467753 
1.10204081633 1.25995198665 0.148576234633 
1.10204081633 1.26595198665 0.148401811943 
1.10204081633 1.27195198665 0.148284903784 
1.10204081633 1.27795198665 0.148215077099 
1.10204081633 1.28395198665 0.148190237755 
1.10204081633 1.28995198665 0.14820685436 
1.10204081633 1.29595198665 0.148333150982 
1.10204081633 1.30195198665 0.148513593419 
1.10204081633 1.30795198665 0.148671060253 
1.14285714286 1.302046194 0.143876925195 
1.14285714286 1.308046194 0.143736409725 
1.14285714286 1.314046194 0.143650810075 
1.14285714286 1.320046194 0.143637012972 
1.14285714286 1.326046194 0.143623699392 
1.14285714286 1.332046194 0.143701571972 
1.14285714286 1.338046194 0.143852653393 
1.14285714286 1.344046194 0.144029218923 
1.14285714286 1.350046194 0.144217162124 
1.18367346939 1.33726756798 0.139642432352 
1.18367346939 1.34326756798 0.139507254305 
1.18367346939 1.34926756798 0.139399126731 
1.18367346939 1.35526756798 0.139316939551 
1.18367346939 1.36126756798 0.139318551622 
1.18367346939 1.36726756798 0.139345233861 
1.18367346939 1.37326756798 0.139431553219 
1.18367346939 1.37926756798 0.139595291613 
1.18367346939 1.38526756798 0.139796988417 
1.22448979592 1.37721888539 0.135535728044 
1.22448979592 1.38321888539 0.135399727484 
1.22448979592 1.38921888539 0.135303661229 
1.22448979592 1.39521888539 0.135263413917 
1.22448979592 1.40121888539 0.135255286126 
1.22448979592 1.40721888539 0.135303045947 
1.22448979592 1.41321888539 0.135404943223 
1.22448979592 1.41921888539 0.13557064633 
1.22448979592 1.42521888539 0.135756345232 
1.26530612245 1.4111564315 0.13180317253 
1.26530612245 1.4171564315 0.131650189266 
1.26530612245 1.4231564315 0.131521123768 
1.26530612245 1.4291564315 0.13144660131 
1.26530612245 1.4351564315 0.131403591643 
1.26530612245 1.4411564315 0.131430410734 
1.26530612245 1.4471564315 0.131459583073 
1.26530612245 1.4531564315 0.131567155984 
1.26530612245 1.4591564315 0.131752320756 
1.30612244898 1.45229824685 0.128117173998 
1.30612244898 1.45829824685 0.127952433119 
1.30612244898 1.46429824685 0.127863906985 
1.30612244898 1.47029824685 0.127812503439 
1.30612244898 1.47629824685 0.127790506067 
1.30612244898 1.48229824685 0.127782464294 
1.30612244898 1.48829824685 0.127846417006 
1.30612244898 1.49429824685 0.127979125914 
1.30612244898 1.50029824685 0.128186295014 
1.34693877551 1.49083817784 0.124649555108 
1.34693877551 1.49683817784 0.12452049054 
1.34693877551 1.50283817784 0.124418016327 
1.34693877551 1.50883817784 0.124354023861 
1.34693877551 1.51483817784 0.124338971792 
1.34693877551 1.52083817784 0.124367760659 
1.34693877551 1.52683817784 0.124414957943 
1.34693877551 1.53283817784 0.124515126976 
1.34693877551 1.53883817784 0.124709059233 
1.38775510204 1.5277057155 0.121439682309 
1.38775510204 1.5337057155 0.121269655578 
1.38775510204 1.5397057155 0.121173802135 
1.38775510204 1.5457057155 0.121115022394 
1.38775510204 1.5517057155 0.121094793348 
1.38775510204 1.5577057155 0.121076301808 
1.38775510204 1.5637057155 0.121131980772 
1.38775510204 1.5697057155 0.121204571432 
1.38775510204 1.5757057155 0.121338713641 
1.42857142857 1.57262181197 0.118179846854 
1.42857142857 1.57862181197 0.118071129656 
1.42857142857 1.58462181197 0.118018012477 
1.42857142857 1.59062181197 0.118002712642 
1.42857142857 1.59662181197 0.117980843072 
1.42857142857 1.60262181197 0.118022397926 
1.42857142857 1.60862181197 0.118113984837 
1.42857142857 1.61462181197 0.118243830536 
1.42857142857 1.62062181197 0.118424324171 
1.4693877551 1.61090772611 0.115221682418 
1.4693877551 1.61690772611 0.115137969552 
1.4693877551 1.62290772611 0.115065276784 
1.4693877551 1.62890772611 0.115014433233 
1.4693877551 1.63490772611 0.115029309537 
1.4693877551 1.64090772611 0.115064805998 
1.4693877551 1.64690772611 0.115135490914 
1.4693877551 1.65290772611 0.115253058943 
1.4693877551 1.65890772611 0.115422948391 
1.51020408163 1.6494315681 0.112479723016 
1.51020408163 1.6554315681 0.112336214243 
1.51020408163 1.6614315681 0.112254754562 
1.51020408163 1.6674315681 0.11221767045 
1.51020408163 1.6734315681 0.112222842161 
1.51020408163 1.6794315681 0.112264267978 
1.51020408163 1.6854315681 0.112315821697 
1.51020408163 1.6914315681 0.112434242512 
1.51020408163 1.6974315681 0.11258882717 
1.55102040816 1.68595472599 0.109992489351 
1.55102040816 1.69195472599 0.109673350355 
1.55102040816 1.69795472599 0.109591819377 
1.55102040816 1.70395472599 0.109548957228 
1.55102040816 1.70995472599 0.10955258524 
1.55102040816 1.71595472599 0.109543380924 
1.55102040816 1.72195472599 0.109606441848 
1.55102040816 1.72795472599 0.109680959565 
1.55102040816 1.73395472599 0.109811789692 
1.59183673469 1.7264347081 0.107405346904 
1.59183673469 1.7324347081 0.10710617159 
1.59183673469 1.7384347081 0.107039779297 
1.59183673469 1.7444347081 0.107005298858 
1.59183673469 1.7504347081 0.10698317744 
1.59183673469 1.7564347081 0.107020318873 
1.59183673469 1.7624347081 0.107066826519 
1.59183673469 1.7684347081 0.107151932405 
1.59183673469 1.7744347081 0.107284328246 
1.63265306122 1.76058107241 0.105260891285 
1.63265306122 1.76658107241 0.104953726284 
1.63265306122 1.77258107241 0.104661421315 
1.63265306122 1.77858107241 0.10458842424 
1.63265306122 1.78458107241 0.104549720123 
1.63265306122 1.79058107241 0.104550494941 
1.63265306122 1.79658107241 0.104579579715 
1.63265306122 1.80258107241 0.104617948141 
1.63265306122 1.80858107241 0.104741034116 
1.67346938776 1.80574024922 0.102675832825 
1.67346938776 1.81174024922 0.102376320999 
1.67346938776 1.81774024922 0.102244724057 
1.67346938776 1.82374024922 0.102221532832 
1.67346938776 1.82974024922 0.102223646783 
1.67346938776 1.83574024922 0.10223121548 
1.67346938776 1.84174024922 0.102297717738 
1.67346938776 1.84774024922 0.102390072831 
1.67346938776 1.85374024922 0.10251104608 
1.71428571429 1.84455823973 0.100493707095 
1.71428571429 1.85055823973 0.100216256161 
1.71428571429 1.85655823973 0.10001439415 
1.71428571429 1.86255823973 0.0999891243634 
1.71428571429 1.86855823973 0.0999917141087 
1.71428571429 1.87455823973 0.10000036562 
1.71428571429 1.88055823973 0.100056584191 
1.71428571429 1.88655823973 0.100140880838 
1.71428571429 1.89255823973 0.100249486071 
1.75510204082 1.88122424325 0.0985142890751 
1.75510204082 1.88722424325 0.0982435736721 
1.75510204082 1.89322424325 0.0979675153896 
1.75510204082 1.89922424325 0.0978528444762 
1.75510204082 1.90522424325 0.0978531410423 
1.75510204082 1.91122424325 0.0978493309868 
1.75510204082 1.91722424325 0.0978890093822 
1.75510204082 1.92322424325 0.0979531324075 
1.75510204082 1.92922424325 0.0980436236355 
1.79591836735 1.92469064857 0.0963016964009 
1.79591836735 1.93069064857 0.0960401245009 
1.79591836735 1.93669064857 0.0958049165756 
1.79591836735 1.94269064857 0.0957945487587 
1.79591836735 1.94869064857 0.0957901209057 
1.79591836735 1.95469064857 0.0958105257636 
1.79591836735 1.96069064857 0.0958699368395 
1.79591836735 1.96669064857 0.0959542965195 
1.79591836735 1.97269064857 0.096065517522 
1.83673469388 1.964036 0.0943683527194 
1.83673469388 1.970036 0.0941084914866 
1.83673469388 1.976036 0.0938719970284 
1.83673469388 1.982036 0.0938343167694 
1.83673469388 1.988036 0.0938288442882 
1.83673469388 1.994036 0.0938382260623 
1.83673469388 2.000036 0.0939079996688 
1.83673469388 2.006036 0.0939814065798 
1.83673469388 2.012036 0.0941003196286 
1.87755102041 2 0.0926696954824 
1.91836734694 2 0.0934454131817 
1.95918367347 2 0.0953819744127 
2 2 0.0979121641417 
