0 2 0.48133382224 
0.0408163265306 2 0.473047496338 
0.0816326530612 2 0.464788284082 
0.122448979592 2 0.456556737555 
0.163265306122 2 0.448353380649 
0.204081632653 2 0.440174975869 
0.244897959184 2 0.432021478498 
0.285714285714 2 0.423904611046 
0.326530612245 2 0.415824999432 
0.367346938776 2 0.407772953431 
0.408163265306 2 0.39974232974 
0.448979591837 2 0.391735986474 
0.489795918367 1.92563403114 0.38362557482 
0.489795918367 1.90963403114 0.383632044629 
0.489795918367 1.91363403114 0.383628787942 
0.489795918367 1.91763403114 0.383627078665 
0.489795918367 1.92163403114 0.383626702412 
0.489795918367 1.92963403114 0.383625728517 
0.489795918367 1.93363403114 0.383626903422 
0.489795918367 1.93763403114 0.383629562743 
0.489795918367 1.94163403114 0.383631452768 
0.530612244898 1.82550188496 0.375380799071 
0.530612244898 1.80950188496 0.375383032353 
0.530612244898 1.81350188496 0.375382215359 
0.530612244898 1.81750188496 0.375380741011 
0.530612244898 1.82150188496 0.375380657503 
0.530612244898 1.82950188496 0.375381095561 
0.530612244898 1.83350188496 0.375382395265 
0.530612244898 1.83750188496 0.375384245247 
0.530612244898 1.84150188496 0.375385700213 
0.571428571429 1.72019268232 0.366801917851 
0.571428571429 1.70819268232 0.36680908569 
0.571428571429 1.71219268232 0.366805880163 
0.571428571429 1.71619268232 0.36680433355 
0.571428571429 1.72419268232 0.366801552842 
0.571428571429 1.72819268232 0.366802311944 
0.571428571429 1.73219268232 0.366803146995 
0.571428571429 1.73619268232 0.366804997622 
0.571428571429 1.74019268232 0.366806452801 
0.612244897959 1.66582670374 0.358087057835 
0.612244897959 1.64982670374 0.358091971766 
0.612244897959 1.65382670374 0.358090281565 
0.612244897959 1.65782670374 0.358088797299 
0.612244897959 1.66182670374 0.358088679576 
0.612244897959 1.66982670374 0.358087118691 
0.612244897959 1.67382670374 0.358087155165 
0.612244897959 1.67782670374 0.35808814182 
0.612244897959 1.68182670374 0.358089656849 
0.65306122449 1.60830372145 0.349228729814 
0.65306122449 1.59230372145 0.349230503487 
0.65306122449 1.59630372145 0.349229291433 
0.65306122449 1.60030372145 0.34922865235 
0.65306122449 1.60430372145 0.349228220956 
0.65306122449 1.61230372145 0.349229207485 
0.65306122449 1.61630372145 0.349231746843 
0.65306122449 1.62030372145 0.349233989309 
0.65306122449 1.62430372145 0.349237939988 
0.69387755102 1.58157744828 0.340377894929 
0.69387755102 1.56557744828 0.340396072792 
0.69387755102 1.56957744828 0.340384990859 
0.69387755102 1.57357744828 0.340379582015 
0.69387755102 1.57757744828 0.340377976005 
0.69387755102 1.58557744828 0.340378527264 
0.69387755102 1.58957744828 0.340381709513 
0.69387755102 1.59357744828 0.340385120099 
0.69387755102 1.59757744828 0.340390429417 
0.734693877551 1.59997477474 0.33173905137 
0.734693877551 1.58397477474 0.331756830983 
0.734693877551 1.58797477474 0.331747975899 
0.734693877551 1.59197477474 0.331741733789 
0.734693877551 1.59597477474 0.331738373272 
0.734693877551 1.60397477474 0.331742317637 
0.734693877551 1.60797477474 0.33175039205 
0.734693877551 1.61197477474 0.331763835309 
0.734693877551 1.61597477474 0.331782061445 
0.775510204082 1.60771252999 0.323397553735 
0.775510204082 1.59171252999 0.323412853803 
0.775510204082 1.59571252999 0.323405784278 
0.775510204082 1.59971252999 0.323401418073 
0.775510204082 1.60371252999 0.323398085645 
0.775510204082 1.61171252999 0.323398740985 
0.775510204082 1.61571252999 0.323402864036 
0.775510204082 1.61971252999 0.32340969667 
0.775510204082 1.62371252999 0.323419118187 
0.816326530612 1.60698955169 0.315291663428 
0.816326530612 1.59098955169 0.315307028079 
0.816326530612 1.59498955169 0.315299592271 
0.816326530612 1.59898955169 0.315295058646 
0.816326530612 1.60298955169 0.315292285732 
0.816326530612 1.61098955169 0.315291899126 
0.816326530612 1.61498955169 0.315294349773 
0.816326530612 1.61898955169 0.315298149838 
0.816326530612 1.62298955169 0.315304704156 
0.857142857143 1.6024106811 0.307374147374 
0.857142857143 1.5864106811 0.307386675288 
0.857142857143 1.5904106811 0.307381353488 
0.857142857143 1.5944106811 0.307377475204 
0.857142857143 1.5984106811 0.307374093867 
0.857142857143 1.6064106811 0.307375350158 
0.857142857143 1.6104106811 0.307377603015 
0.857142857143 1.6144106811 0.307381633497 
0.857142857143 1.6184106811 0.307387597852 
0.897959183673 1.59432966259 0.299624134328 
0.897959183673 1.57832966259 0.299635992153 
0.897959183673 1.58232966259 0.299631033922 
0.897959183673 1.58632966259 0.299627675353 
0.897959183673 1.59032966259 0.299625212984 
0.897959183673 1.59832966259 0.299626052439 
0.897959183673 1.60232966259 0.299628081242 
0.897959183673 1.60632966259 0.299631573216 
0.897959183673 1.61032966259 0.299637244119 
0.938775510204 1.58936396508 0.292032093702 
0.938775510204 1.57336396508 0.292040635307 
0.938775510204 1.57736396508 0.292036156681 
0.938775510204 1.58136396508 0.292034125403 
0.938775510204 1.58536396508 0.29203223273 
0.938775510204 1.59336396508 0.292034477447 
0.938775510204 1.59736396508 0.292037164223 
0.938775510204 1.60136396508 0.29204245349 
0.938775510204 1.60536396508 0.292048854577 
0.979591836735 1.56854729483 0.284579410749 
0.979591836735 1.55254729483 0.284590897505 
0.979591836735 1.55654729483 0.284585371412 
0.979591836735 1.56054729483 0.284582638587 
0.979591836735 1.56454729483 0.284580451507 
0.979591836735 1.57254729483 0.284579799211 
0.979591836735 1.57654729483 0.284582453892 
0.979591836735 1.58054729483 0.284584895764 
0.979591836735 1.58454729483 0.284588786741 
1.02040816327 1.54507232973 0.277229154953 
1.02040816327 1.53307232973 0.2772378817 
1.02040816327 1.53707232973 0.27723400103 
1.02040816327 1.54107232973 0.277230572708 
1.02040816327 1.54907232973 0.277228691023 
1.02040816327 1.55307232973 0.277230767747 
1.02040816327 1.55707232973 0.277232491368 
1.02040816327 1.56107232973 0.27723528741 
1.02040816327 1.56507232973 0.277239672138 
1.0612244898 1.5440212035 0.270000126421 
1.0612244898 1.5280212035 0.270017786105 
1.0612244898 1.5320212035 0.270010585063 
1.0612244898 1.5360212035 0.270005087698 
1.0612244898 1.5400212035 0.270001850944 
1.0612244898 1.5480212035 0.270000587036 
1.0612244898 1.5520212035 0.270002794867 
1.0612244898 1.5560212035 0.270007365283 
1.0612244898 1.5600212035 0.270012623753 
1.10204081633 1.55274935197 0.262971205501 
1.10204081633 1.53674935197 0.262995263636 
1.10204081633 1.54074935197 0.262984603749 
1.10204081633 1.54474935197 0.262976342194 
1.10204081633 1.54874935197 0.262971967878 
1.10204081633 1.55674935197 0.262973361785 
1.10204081633 1.56074935197 0.262977228139 
1.10204081633 1.56474935197 0.262984367465 
1.10204081633 1.56874935197 0.262992570443 
1.14285714286 1.57049989105 0.256184197216 
1.14285714286 1.55449989105 0.2562114065 
1.14285714286 1.55849989105 0.256197949236 
1.14285714286 1.56249989105 0.256188495442 
1.14285714286 1.56649989105 0.256184171741 
1.14285714286 1.57449989105 0.256187544415 
1.14285714286 1.57849989105 0.256192254228 
1.14285714286 1.58249989105 0.256198964787 
1.14285714286 1.58649989105 0.256209175872 
1.18367346939 1.59585650262 0.249655995938 
1.18367346939 1.57985650262 0.249677625588 
1.18367346939 1.58385650262 0.249667950001 
1.18367346939 1.58785650262 0.249661653275 
1.18367346939 1.59185650262 0.249658034301 
1.18367346939 1.59985650262 0.24966002201 
1.18367346939 1.60385650262 0.249667869424 
1.18367346939 1.60785650262 0.249681182843 
1.18367346939 1.61185650262 0.249697244389 
1.22448979592 1.6181069241 0.243387789116 
1.22448979592 1.6021069241 0.243429139649 
1.22448979592 1.6061069241 0.24341067039 
1.22448979592 1.6101069241 0.243398058864 
1.22448979592 1.6141069241 0.243389626801 
1.22448979592 1.6221069241 0.243391823175 
1.22448979592 1.6261069241 0.243399006185 
1.22448979592 1.6301069241 0.243408494591 
1.22448979592 1.6341069241 0.243420634674 
1.26530612245 1.64909759557 0.237378688964 
1.26530612245 1.63309759557 0.237412691718 
1.26530612245 1.63709759557 0.237395874247 
1.26530612245 1.64109759557 0.237384888011 
1.26530612245 1.64509759557 0.237378979357 
1.26530612245 1.65309759557 0.237383027363 
1.26530612245 1.65709759557 0.23739266907 
1.26530612245 1.66109759557 0.237408749772 
1.26530612245 1.66509759557 0.237428485916 
1.30612244898 1.67487274417 0.231622300811 
1.30612244898 1.66287274417 0.231659233137 
1.30612244898 1.66687274417 0.231640529556 
1.30612244898 1.67087274417 0.231628362968 
1.30612244898 1.67887274417 0.231621713736 
1.30612244898 1.68287274417 0.231625658046 
1.30612244898 1.68687274417 0.231634813932 
1.30612244898 1.69087274417 0.231648757319 
1.30612244898 1.69487274417 0.231667933115 
1.34693877551 1.71219261842 0.226105857088 
1.34693877551 1.69619261842 0.226141508648 
1.34693877551 1.70019261842 0.226119577689 
1.34693877551 1.70419261842 0.226108072079 
1.34693877551 1.70819261842 0.226103626063 
1.34693877551 1.71619261842 0.226113220857 
1.34693877551 1.72019261842 0.226125566989 
1.34693877551 1.72419261842 0.226143396936 
1.34693877551 1.72819261842 0.226165471434 
1.38775510204 1.74403345681 0.22081826866 
1.38775510204 1.72803345681 0.220894640436 
1.38775510204 1.73203345681 0.220855851723 
1.38775510204 1.73603345681 0.220831962799 
1.38775510204 1.74003345681 0.220819709457 
1.38775510204 1.74803345681 0.22082470325 
1.38775510204 1.75203345681 0.22083729457 
1.38775510204 1.75603345681 0.220855752617 
1.38775510204 1.76003345681 0.220878482186 
1.42857142857 1.77787855575 0.215757735679 
1.42857142857 1.76587855575 0.21582025231 
1.42857142857 1.76987855575 0.215790536422 
1.42857142857 1.77387855575 0.215767001565 
1.42857142857 1.78187855575 0.215760215024 
1.42857142857 1.78587855575 0.21577259585 
1.42857142857 1.78987855575 0.215791496876 
1.42857142857 1.79387855575 0.215816706287 
1.42857142857 1.79787855575 0.215846711145 
1.4693877551 1.81956672129 0.210918178889 
1.4693877551 1.80356672129 0.210961986819 
1.4693877551 1.80756672129 0.210940228323 
1.4693877551 1.81156672129 0.210922152326 
1.4693877551 1.81556672129 0.210912975943 
1.4693877551 1.82356672129 0.210932716363 
1.4693877551 1.82756672129 0.210956846245 
1.4693877551 1.83156672129 0.210987586149 
1.4693877551 1.83556672129 0.211023834516 
1.51020408163 1.84938256957 0.206279784249 
1.51020408163 1.83338256957 0.206340846166 
1.51020408163 1.83738256957 0.206320126072 
1.51020408163 1.84138256957 0.206303515699 
1.51020408163 1.84538256957 0.20629008127 
1.51020408163 1.85338256957 0.206273560484 
1.51020408163 1.85738256957 0.206278597653 
1.51020408163 1.86138256957 0.206295229068 
1.51020408163 1.86538256957 0.206322409126 
1.55102040816 1.88998274666 0.201825601756 
1.55102040816 1.87398274666 0.201847615016 
1.55102040816 1.87798274666 0.201836907159 
1.55102040816 1.88198274666 0.201829914631 
1.55102040816 1.88598274666 0.201826219619 
1.55102040816 1.89398274666 0.201828484018 
1.55102040816 1.89798274666 0.20184177483 
1.55102040816 1.90198274666 0.201866889019 
1.55102040816 1.90598274666 0.201902467888 
1.59183673469 1.91765647692 0.19754393965 
1.59183673469 1.90165647692 0.197570280908 
1.59183673469 1.90565647692 0.197559137613 
1.59183673469 1.90965647692 0.197550665615 
1.59183673469 1.91365647692 0.197546018811 
1.59183673469 1.92165647692 0.197544994056 
1.59183673469 1.92565647692 0.197549206862 
1.59183673469 1.92965647692 0.197556221504 
1.59183673469 1.93365647692 0.197566945666 
1.63265306122 1.9510485492 0.193417025205 
1.63265306122 1.9350485492 0.193431370823 
1.63265306122 1.9390485492 0.193423478816 
1.63265306122 1.9430485492 0.193418447282 
1.63265306122 1.9470485492 0.193416619072 
1.63265306122 1.9550485492 0.193421188174 
1.63265306122 1.9590485492 0.193427896525 
1.63265306122 1.9630485492 0.193437950809 
1.63265306122 1.9670485492 0.193450985528 
1.67346938776 1.97632731031 0.189435315138 
1.67346938776 1.96032731031 0.189462344556 
1.67346938776 1.96432731031 0.189451615509 
1.67346938776 1.96832731031 0.189443557672 
1.67346938776 1.97232731031 0.18943776745 
1.67346938776 1.98032731031 0.189435874067 
1.67346938776 1.98432731031 0.1894394691 
1.67346938776 1.98832731031 0.189446119329 
1.67346938776 1.99232731031 0.189454986695 
1.71428571429 2 0.185599179645 
1.75510204082 2 0.182036595444 
1.79591836735 2 0.178849409781 
1.83673469388 2 0.175978840545 
1.87755102041 2 0.175271625661 
1.91836734694 2 0.17728002571 
1.95918367347 2 0.179628697611 
2 2 0.182335343373 
