0 1.33333333333 0.49875 
0 1.55555555556 0.493355467535 
0 1.77777777778 0.463528383705 
0 2 0.478518547185 
0.0408163265306 1.33333333333 0.476777008498 
0.0408163265306 1.55555555556 0.478397385607 
0.0408163265306 1.77777777778 0.450957205379 
0.0408163265306 2 0.461923661862 
0.0816326530612 1.33333333333 0.460205930836 
0.0816326530612 1.55555555556 0.463731719142 
0.0816326530612 1.77777777778 0.439699323125 
0.0816326530612 2 0.449979206332 
0.122448979592 1.33333333333 0.444038230272 
0.122448979592 1.55555555556 0.442619554678 
0.122448979592 1.77777777778 0.430784530682 
0.122448979592 2 0.437150129634 
0.163265306122 1.55555555556 0.450711428472 
0.163265306122 1.77777777778 0.439052424382 
0.163265306122 2 0.424536746324 
0.204081632653 0.444444444444 0.502156112658 
0.204081632653 0.666666666667 0.398304255548 
0.204081632653 0.888888888889 0.398144300875 
0.204081632653 1.11111111111 0.417983216465 
0.204081632653 1.33333333333 0.407262526528 
0.244897959184 0.444444444444 0.454283058398 
0.244897959184 0.666666666667 0.400477867926 
0.244897959184 0.888888888889 0.377344079283 
0.244897959184 1.11111111111 0.414363153112 
0.244897959184 1.33333333333 0.409055932304 
0.285714285714 0.444444444444 0.473859016319 
0.285714285714 0.666666666667 0.402894533473 
0.285714285714 0.888888888889 0.392827763918 
0.285714285714 1.11111111111 0.39327145348 
0.285714285714 1.33333333333 0.396465772064 
0.326530612245 0.444444444444 0.466711053117 
0.326530612245 0.666666666667 0.377086061741 
0.326530612245 0.888888888889 0.360101885263 
0.326530612245 1.11111111111 0.364918280703 
0.326530612245 1.33333333333 0.382074356718 
0.367346938776 0.444444444444 0.485185581017 
0.367346938776 0.666666666667 0.350728687513 
0.367346938776 0.888888888889 0.3438479142 
0.367346938776 1.11111111111 0.360046966168 
0.367346938776 1.33333333333 0.357672772936 
0.408163265306 0.444444444444 0.46830791851 
0.408163265306 0.666666666667 0.348594208529 
0.408163265306 0.888888888889 0.315805145785 
0.408163265306 1.11111111111 0.333334415701 
0.408163265306 1.33333333333 0.354546060215 
0.448979591837 0.666666666667 0.303955619007 
0.448979591837 0.888888888889 0.302344807594 
0.448979591837 1.11111111111 0.302233859987 
0.448979591837 1.33333333333 0.350423395512 
0.448979591837 1.55555555556 0.339418064393 
0.489795918367 0.444444444444 0.495508785679 
0.489795918367 0.666666666667 0.316842607327 
0.489795918367 0.888888888889 0.293130602656 
0.489795918367 1.11111111111 0.322108963794 
0.489795918367 1.33333333333 0.336550980536 
0.530612244898 0.444444444444 0.505867611946 
0.530612244898 0.666666666667 0.310332986274 
0.530612244898 0.888888888889 0.301146152395 
0.530612244898 1.11111111111 0.301788571588 
0.530612244898 1.33333333333 0.311605329382 
0.571428571429 0.444444444444 0.548872466693 
0.571428571429 0.666666666667 0.313411771916 
0.571428571429 0.888888888889 0.267934632244 
0.571428571429 1.11111111111 0.281242913743 
0.571428571429 1.33333333333 0.297008522605 
0.612244897959 0.666666666667 0.289928393298 
0.612244897959 0.888888888889 0.264967025801 
0.612244897959 1.11111111111 0.259489863202 
0.612244897959 1.33333333333 0.287566936461 
0.612244897959 1.55555555556 0.310194100492 
0.65306122449 0.666666666667 0.319529569644 
0.65306122449 0.888888888889 0.249665759907 
0.65306122449 1.11111111111 0.249460380888 
0.65306122449 1.33333333333 0.263055450492 
0.65306122449 1.55555555556 0.295288723508 
0.69387755102 0.444444444444 0.642345794949 
0.69387755102 0.666666666667 0.331622703932 
0.69387755102 0.888888888889 0.228092198123 
0.69387755102 1.11111111111 0.238923104785 
0.69387755102 1.33333333333 0.265288352034 
0.734693877551 0.444444444444 0.660686278265 
0.734693877551 0.666666666667 0.332266156148 
0.734693877551 0.888888888889 0.23562716697 
0.734693877551 1.11111111111 0.241373905148 
0.734693877551 1.33333333333 0.259613113268 
0.775510204082 0.666666666667 0.353073012072 
0.775510204082 0.888888888889 0.233234785005 
0.775510204082 1.11111111111 0.224991360517 
0.775510204082 1.33333333333 0.239604192405 
0.775510204082 1.55555555556 0.259267558287 
0.816326530612 0.666666666667 0.374626266214 
0.816326530612 0.888888888889 0.240255020036 
0.816326530612 1.11111111111 0.21111515582 
0.816326530612 1.33333333333 0.228807150284 
0.816326530612 1.55555555556 0.255020116279 
0.857142857143 0.666666666667 0.390903923683 
0.857142857143 0.888888888889 0.231866750637 
0.857142857143 1.11111111111 0.208928571429 
0.857142857143 1.33333333333 0.209334660293 
0.857142857143 1.55555555556 0.234452605575 
0.897959183673 0.666666666667 0.412612656735 
0.897959183673 0.888888888889 0.249760273286 
0.897959183673 1.11111111111 0.182203181779 
0.897959183673 1.33333333333 0.203681732239 
0.897959183673 1.55555555556 0.216201125613 
0.938775510204 0.666666666667 0.443044141959 
0.938775510204 0.888888888889 0.246681383146 
0.938775510204 1.11111111111 0.190872806407 
0.938775510204 1.33333333333 0.193504259322 
0.938775510204 1.55555555556 0.228856024783 
0.979591836735 0.666666666667 0.438511753307 
0.979591836735 0.888888888889 0.257552954689 
0.979591836735 1.11111111111 0.188812087797 
0.979591836735 1.33333333333 0.19968108378 
0.979591836735 1.55555555556 0.212914455323 
1.02040816327 0.888888888889 0.274594502685 
1.02040816327 1.11111111111 0.192486945083 
1.02040816327 1.33333333333 0.179176845437 
1.02040816327 1.55555555556 0.201237380986 
1.02040816327 1.77777777778 0.222270312002 
1.0612244898 0.666666666667 0.493435861271 
1.0612244898 0.888888888889 0.284254358824 
1.0612244898 1.11111111111 0.174817126321 
1.0612244898 1.33333333333 0.176440386359 
1.0612244898 1.55555555556 0.183581121678 
1.10204081633 0.888888888889 0.301371424406 
1.10204081633 1.11111111111 0.191707885441 
1.10204081633 1.33333333333 0.164737142801 
1.10204081633 1.55555555556 0.175763648943 
1.10204081633 1.77777777778 0.195518661144 
1.14285714286 0.888888888889 0.322678571429 
1.14285714286 1.11111111111 0.198099748117 
1.14285714286 1.33333333333 0.153460329415 
1.14285714286 1.55555555556 0.166908335132 
1.14285714286 1.77777777778 0.203888162903 
1.18367346939 0.888888888889 0.331919939429 
1.18367346939 1.11111111111 0.203032411298 
1.18367346939 1.33333333333 0.157737375248 
1.18367346939 1.55555555556 0.172153499219 
1.18367346939 1.77777777778 0.191704635424 
1.22448979592 0.888888888889 0.347692345103 
1.22448979592 1.11111111111 0.21285504651 
1.22448979592 1.33333333333 0.155412479673 
1.22448979592 1.55555555556 0.159135270977 
1.22448979592 1.77777777778 0.176786062267 
1.26530612245 0.888888888889 0.357012200344 
1.26530612245 1.11111111111 0.225837825733 
1.26530612245 1.33333333333 0.15185014376 
1.26530612245 1.55555555556 0.151951150118 
1.26530612245 1.77777777778 0.170024840761 
1.30612244898 1.11111111111 0.239324879237 
1.30612244898 1.33333333333 0.156808020638 
1.30612244898 1.55555555556 0.147749471143 
1.30612244898 1.77777777778 0.156103756764 
1.30612244898 2 0.180138925517 
1.34693877551 1.11111111111 0.248741071908 
1.34693877551 1.33333333333 0.16876561777 
1.34693877551 1.55555555556 0.131339409068 
1.34693877551 1.77777777778 0.151283878379 
1.34693877551 2 0.167807177291 
1.38775510204 1.11111111111 0.258663845452 
1.38775510204 1.33333333333 0.165244161983 
1.38775510204 1.55555555556 0.135583713747 
1.38775510204 1.77777777778 0.144904606056 
1.38775510204 2 0.177053138429 
1.42857142857 1.11111111111 0.266282171957 
1.42857142857 1.33333333333 0.17252715329 
1.42857142857 1.55555555556 0.132843985445 
1.42857142857 1.77777777778 0.148356873377 
1.42857142857 2 0.164124532733 
1.4693877551 1.33333333333 0.183172152874 
1.4693877551 1.55555555556 0.138726449705 
1.4693877551 1.77777777778 0.13303279912 
1.4693877551 2 0.155657612992 
1.51020408163 1.11111111111 0.299429276763 
1.51020408163 1.33333333333 0.189648579866 
1.51020408163 1.55555555556 0.125485991178 
1.51020408163 1.77777777778 0.131597137794 
1.51020408163 2 0.141972268602 
1.55102040816 1.33333333333 0.19956682056 
1.55102040816 1.55555555556 0.135644252057 
1.55102040816 1.77777777778 0.115356059712 
1.55102040816 2 0.134828573653 
1.59183673469 1.33333333333 0.218452370678 
1.59183673469 1.55555555556 0.140878343618 
1.59183673469 1.77777777778 0.119577538119 
1.59183673469 2 0.129070912276 
1.63265306122 1.33333333333 0.2215540593 
1.63265306122 1.55555555556 0.145072100636 
1.63265306122 1.77777777778 0.1176572668 
1.63265306122 2 0.134232512257 
1.67346938776 1.33333333333 0.230529504131 
1.67346938776 1.55555555556 0.154059959281 
1.67346938776 1.77777777778 0.117634772106 
1.67346938776 2 0.121501511706 
1.71428571429 1.33333333333 0.240773625581 
1.71428571429 1.55555555556 0.159471784338 
1.71428571429 1.77777777778 0.112726529301 
1.71428571429 2 0.119081797475 
1.75510204082 1.55555555556 0.170438088288 
1.75510204082 1.77777777778 0.118718009985 
1.75510204082 2 0.112221045703 
1.79591836735 1.55555555556 0.179837343835 
1.79591836735 1.77777777778 0.126020730397 
1.79591836735 2 0.102061222449 
1.83673469388 1.55555555556 0.185644638139 
1.83673469388 1.77777777778 0.124528362608 
1.83673469388 2 0.104363733346 
1.87755102041 1.55555555556 0.19180265411 
1.87755102041 1.77777777778 0.130017350011 
1.87755102041 2 0.103769305295 
1.91836734694 1.55555555556 0.201054820425 
1.91836734694 1.77777777778 0.138031733563 
1.91836734694 2 0.108860915758 
1.95918367347 1.55555555556 0.216293354784 
1.95918367347 1.77777777778 0.142920121527 
1.95918367347 2 0.10258534556 
2 1.55555555556 0.227930709127 
2 1.77777777778 0.152698705074 
2 2 0.112 
