0 2 0.497848421017 
0.0408163265306 2 0.489808478984 
0.0816326530612 2 0.481799989515 
0.122448979592 2 0.473821779339 
0.163265306122 2 0.465877707169 
0.204081632653 2 0.457995139714 
0.244897959184 2 0.450162545963 
0.285714285714 2 0.442355301607 
0.326530612245 2 0.434568894623 
0.367346938776 2 0.426809343516 
0.408163265306 2 0.419082303357 
0.448979591837 2 0.411387130054 
0.489795918367 2 0.40372854555 
0.530612244898 2 0.39611015436 
0.571428571429 2 0.388546308425 
0.612244897959 2 0.381035666336 
0.65306122449 2 0.373574411552 
0.69387755102 2 0.366161612215 
0.734693877551 1.98951225 0.358785950001 
0.734693877551 1.97901225 0.358786705084 
0.734693877551 1.98251225 0.3587860176 
0.734693877551 1.98601225 0.358785279854 
0.734693877551 1.99301225 0.35878655229 
0.734693877551 1.99651225 0.358787471022 
0.734693877551 2.00001225 0.358789268216 
0.775510204082 1.94749433387 0.351400328516 
0.775510204082 1.93699433387 0.351405013483 
0.775510204082 1.94049433387 0.351402367576 
0.775510204082 1.94399433387 0.351401196393 
0.775510204082 1.95099433387 0.3514004265 
0.775510204082 1.95449433387 0.351402125922 
0.775510204082 1.95799433387 0.351403128033 
0.816326530612 1.93785930318 0.344085571566 
0.816326530612 1.92735930318 0.34409309681 
0.816326530612 1.93085930318 0.34408894138 
0.816326530612 1.93435930318 0.344086045968 
0.816326530612 1.94135930318 0.344085065366 
0.816326530612 1.94485930318 0.34408573842 
0.816326530612 1.94835930318 0.344088706834 
0.857142857143 1.94557197936 0.336929910362 
0.857142857143 1.93507197936 0.336937832006 
0.857142857143 1.93857197936 0.336934201953 
0.857142857143 1.94207197936 0.336931838729 
0.857142857143 1.94907197936 0.336929433584 
0.857142857143 1.95257197936 0.336930486593 
0.857142857143 1.95607197936 0.336933400263 
0.897959183673 1.95807488734 0.329954182201 
0.897959183673 1.94757488734 0.329955663216 
0.897959183673 1.95107488734 0.329954964373 
0.897959183673 1.95457488734 0.329954471512 
0.897959183673 1.96157488734 0.329956458481 
0.897959183673 1.96507488734 0.329958839718 
0.897959183673 1.96857488734 0.329963692499 
0.938775510204 1.9533631972 0.323124799545 
0.938775510204 1.9463631972 0.32312780277 
0.938775510204 1.9498631972 0.323125721196 
0.938775510204 1.9568631972 0.323124589476 
0.938775510204 1.9603631972 0.323125780836 
0.938775510204 1.9638631972 0.323127397913 
0.938775510204 1.9673631972 0.323131352419 
0.979591836735 1.9545839142 0.316446438348 
0.979591836735 1.9440839142 0.316450923648 
0.979591836735 1.9475839142 0.316448100607 
0.979591836735 1.9510839142 0.31644713224 
0.979591836735 1.9580839142 0.316447063968 
0.979591836735 1.9615839142 0.316449766131 
0.979591836735 1.9650839142 0.316452358231 
1.02040816327 1.95310765536 0.309903478273 
1.02040816327 1.94260765536 0.309906594378 
1.02040816327 1.94610765536 0.309904814873 
1.02040816327 1.94960765536 0.309903725191 
1.02040816327 1.95660765536 0.309904526548 
1.02040816327 1.96010765536 0.309906144346 
1.02040816327 1.96360765536 0.309908289149 
1.0612244898 1.94542219259 0.303485473133 
1.0612244898 1.93492219259 0.303489736847 
1.0612244898 1.93842219259 0.303487458034 
1.0612244898 1.94192219259 0.303486113298 
1.0612244898 1.94892219259 0.303485505352 
1.0612244898 1.95242219259 0.30348665228 
1.0612244898 1.95592219259 0.303488865559 
1.10204081633 1.93006737901 0.297164694468 
1.10204081633 1.91956737901 0.29716855306 
1.10204081633 1.92306737901 0.297166666902 
1.10204081633 1.92656737901 0.297165513852 
1.10204081633 1.93356737901 0.297165442122 
1.10204081633 1.93706737901 0.297166076319 
1.10204081633 1.94056737901 0.297167654792 
1.14285714286 1.90436159629 0.290905677169 
1.14285714286 1.89386159629 0.29090691207 
1.14285714286 1.89736159629 0.290905674367 
1.14285714286 1.90086159629 0.290905663713 
1.14285714286 1.90786159629 0.290906388771 
1.14285714286 1.91136159629 0.290907303134 
1.14285714286 1.91486159629 0.290909588413 
1.18367346939 1.88698266898 0.284700436042 
1.18367346939 1.87648266898 0.284702794493 
1.18367346939 1.87998266898 0.284700832355 
1.18367346939 1.88348266898 0.284700329974 
1.18367346939 1.89048266898 0.28470081571 
1.18367346939 1.89398266898 0.284702178512 
1.18367346939 1.89748266898 0.284704302188 
1.22448979592 1.87653442797 0.278587561862 
1.22448979592 1.86603442797 0.278591060274 
1.22448979592 1.86953442797 0.278589108355 
1.22448979592 1.87303442797 0.278588005135 
1.22448979592 1.88003442797 0.278587912028 
1.22448979592 1.88353442797 0.278590082016 
1.22448979592 1.88703442797 0.278591731448 
1.26530612245 1.87180741802 0.272584351978 
1.26530612245 1.86130741802 0.272588335534 
1.26530612245 1.86480741802 0.272586576997 
1.26530612245 1.86830741802 0.272584588135 
1.26530612245 1.87530741802 0.272585129097 
1.26530612245 1.87880741802 0.272586154975 
1.26530612245 1.88230741802 0.272587998032 
1.30612244898 1.87199405363 0.266705782124 
1.30612244898 1.86149405363 0.266710342974 
1.30612244898 1.86499405363 0.26670757635 
1.30612244898 1.86849405363 0.266706655543 
1.30612244898 1.87549405363 0.26670539095 
1.30612244898 1.87899405363 0.266706644106 
1.30612244898 1.88249405363 0.266709251803 
1.34693877551 1.87604208922 0.260959914806 
1.34693877551 1.86904208922 0.260963753552 
1.34693877551 1.87254208922 0.26096081815 
1.34693877551 1.87954208922 0.26096044913 
1.34693877551 1.88304208922 0.260962418747 
1.34693877551 1.88654208922 0.260964668241 
1.34693877551 1.89004208922 0.260967846207 
1.38775510204 1.89759555597 0.255374498633 
1.38775510204 1.88709555597 0.255379301988 
1.38775510204 1.89059555597 0.255376461317 
1.38775510204 1.89409555597 0.255374813458 
1.38775510204 1.90109555597 0.255375622808 
1.38775510204 1.90459555597 0.255378385829 
1.38775510204 1.90809555597 0.25538320418 
1.42857142857 1.91461187793 0.249965020221 
1.42857142857 1.90761187793 0.249975406717 
1.42857142857 1.91111187793 0.249969075907 
1.42857142857 1.91811187793 0.249963542154 
1.42857142857 1.92161187793 0.249965684513 
1.42857142857 1.92511187793 0.249968821175 
1.42857142857 1.92861187793 0.249973676509 
1.4693877551 1.94491250732 0.244738362066 
1.4693877551 1.93441250732 0.244749226013 
1.4693877551 1.93791250732 0.244743669235 
1.4693877551 1.94141250732 0.244740105622 
1.4693877551 1.94841250732 0.244738893702 
1.4693877551 1.95191250732 0.244742014924 
1.4693877551 1.95541250732 0.244747391637 
1.51020408163 1.97265730948 0.239690570526 
1.51020408163 1.96215730948 0.239694365273 
1.51020408163 1.96565730948 0.239690733567 
1.51020408163 1.96915730948 0.239689528135 
1.51020408163 1.97615730948 0.239692398837 
1.51020408163 1.97965730948 0.239696414249 
1.51020408163 1.98315730948 0.239702549153 
1.55102040816 1.9965 0.234806283395 
1.55102040816 1.986 0.234814571129 
1.55102040816 1.9895 0.234808417613 
1.55102040816 1.993 0.234806141843 
1.55102040816 2 0.23480751258 
1.55102040816 2.0035 0.234810481218 
1.55102040816 2.007 0.234815885476 
1.59183673469 2 0.230152885928 
1.63265306122 2 0.225965741775 
1.67346938776 2 0.222025521539 
1.71428571429 2 0.21833055298 
1.75510204082 2 0.214895562456 
1.79591836735 2 0.211786430205 
1.83673469388 2 0.20898260203 
1.87755102041 2 0.208184732503 
1.91836734694 2 0.20986984433 
1.95918367347 2 0.211915693803 
2 2 0.214290345167 
