0 1.91836734694 0.480797244063 
0 1.95918367347 0.479302876446 
0 2 0.477918998288 
0 2.04081632653 0.476490409111 
0 2.08163265306 0.475346612598 
0.0408163265306 1.91836734694 0.472053212991 
0.0408163265306 1.95918367347 0.470780634812 
0.0408163265306 2 0.46952118509 
0.0408163265306 2.04081632653 0.468360618322 
0.0408163265306 2.08163265306 0.467147459913 
0.0816326530612 1.91836734694 0.463380474248 
0.0816326530612 1.95918367347 0.462218771054 
0.0816326530612 2 0.461172866755 
0.0816326530612 2.04081632653 0.460130761389 
0.0816326530612 2.08163265306 0.459177076786 
0.122448979592 1.91836734694 0.45487113684 
0.122448979592 1.95918367347 0.453726714368 
0.122448979592 2 0.45278573491 
0.122448979592 2.04081632653 0.451949409419 
0.122448979592 2.08163265306 0.451108589597 
0.163265306122 1.91836734694 0.44613075121 
0.163265306122 1.95918367347 0.445394654822 
0.163265306122 2 0.444466985503 
0.163265306122 2.04081632653 0.443730020212 
0.163265306122 2.08163265306 0.443087656294 
0.204081632653 1.91836734694 0.437800464862 
0.204081632653 1.95918367347 0.43683636056 
0.204081632653 2 0.436304967989 
0.204081632653 2.04081632653 0.435577645793 
0.204081632653 2.08163265306 0.43502943158 
0.244897959184 1.91836734694 0.429177343697 
0.244897959184 1.95918367347 0.428679621844 
0.244897959184 2 0.427921332793 
0.244897959184 2.04081632653 0.427578868629 
0.244897959184 2.08163265306 0.42703690764 
0.285714285714 1.91836734694 0.420649503812 
0.285714285714 1.95918367347 0.420236149037 
0.285714285714 2 0.419931058133 
0.285714285714 2.04081632653 0.419362906137 
0.285714285714 2.08163265306 0.419194969244 
0.326530612245 1.91836734694 0.412232338757 
0.326530612245 1.95918367347 0.411885972482 
0.326530612245 2 0.411659901097 
0.326530612245 2.04081632653 0.41153243697 
0.326530612245 2.08163265306 0.411140104056 
0.367346938776 1.91836734694 0.403849897191 
0.367346938776 1.95918367347 0.403644165032 
0.367346938776 2 0.403480136309 
0.367346938776 2.04081632653 0.403426703075 
0.367346938776 2.08163265306 0.4034631735 
0.408163265306 1.91836734694 0.395423035012 
0.408163265306 1.95918367347 0.395436357666 
0.408163265306 2 0.395406529011 
0.408163265306 2.04081632653 0.395410533583 
0.408163265306 2.08163265306 0.395516375564 
0.448979591837 1.75510204082 0.387064670529 
0.448979591837 1.79591836735 0.386952749911 
0.448979591837 1.83673469388 0.386897340708 
0.448979591837 1.87755102041 0.387026075078 
0.448979591837 1.91836734694 0.387024707829 
0.489795918367 1.67346938776 0.378303309967 
0.489795918367 1.71428571429 0.378328380237 
0.489795918367 1.75510204082 0.378141527581 
0.489795918367 1.79591836735 0.378267746199 
0.489795918367 1.83673469388 0.378353799913 
0.530612244898 1.63265306122 0.369336830327 
0.530612244898 1.67346938776 0.369352958268 
0.530612244898 1.71428571429 0.369296088301 
0.530612244898 1.75510204082 0.369530045813 
0.530612244898 1.79591836735 0.369547401954 
0.571428571429 1.4693877551 0.360597498569 
0.571428571429 1.51020408163 0.360397901102 
0.571428571429 1.55102040816 0.360118273388 
0.571428571429 1.59183673469 0.360212632243 
0.571428571429 1.63265306122 0.360264032008 
0.612244897959 1.42857142857 0.351311865039 
0.612244897959 1.4693877551 0.350943278178 
0.612244897959 1.51020408163 0.35085162023 
0.612244897959 1.55102040816 0.35091374581 
0.612244897959 1.59183673469 0.350884471507 
0.65306122449 1.42857142857 0.342112021225 
0.65306122449 1.4693877551 0.341553202121 
0.65306122449 1.51020408163 0.341458324714 
0.65306122449 1.55102040816 0.341618682855 
0.65306122449 1.59183673469 0.341915957456 
0.69387755102 1.42857142857 0.332946546278 
0.69387755102 1.4693877551 0.332608909525 
0.69387755102 1.51020408163 0.332322034496 
0.69387755102 1.55102040816 0.332472579327 
0.69387755102 1.59183673469 0.332859229449 
0.734693877551 1.4693877551 0.323698031103 
0.734693877551 1.51020408163 0.323619479538 
0.734693877551 1.55102040816 0.323576717799 
0.734693877551 1.59183673469 0.323947641395 
0.734693877551 1.63265306122 0.324537748712 
0.775510204082 1.42857142857 0.315469415863 
0.775510204082 1.4693877551 0.315073981371 
0.775510204082 1.51020408163 0.314949435668 
0.775510204082 1.55102040816 0.315103177445 
0.775510204082 1.59183673469 0.315279878881 
0.816326530612 1.42857142857 0.306966760281 
0.816326530612 1.4693877551 0.306706376533 
0.816326530612 1.51020408163 0.306558468361 
0.816326530612 1.55102040816 0.306661292624 
0.816326530612 1.59183673469 0.307023608792 
0.857142857143 1.42857142857 0.298777832467 
0.857142857143 1.4693877551 0.298439905829 
0.857142857143 1.51020408163 0.298417015005 
0.857142857143 1.55102040816 0.298491140246 
0.857142857143 1.59183673469 0.298798182557 
0.897959183673 1.42857142857 0.290529786322 
0.897959183673 1.4693877551 0.290478448232 
0.897959183673 1.51020408163 0.290373962428 
0.897959183673 1.55102040816 0.290563935663 
0.897959183673 1.59183673469 0.290837521266 
0.938775510204 1.38775510204 0.283063019666 
0.938775510204 1.42857142857 0.282652672682 
0.938775510204 1.4693877551 0.28245951448 
0.938775510204 1.51020408163 0.282627679361 
0.938775510204 1.55102040816 0.282732542364 
0.979591836735 1.38775510204 0.27527718733 
0.979591836735 1.42857142857 0.274975504818 
0.979591836735 1.4693877551 0.274801209552 
0.979591836735 1.51020408163 0.274825473548 
0.979591836735 1.55102040816 0.275190108852 
1.02040816327 1.38775510204 0.26799477329 
1.02040816327 1.42857142857 0.267412124835 
1.02040816327 1.4693877551 0.267337296351 
1.02040816327 1.51020408163 0.267374149834 
1.02040816327 1.55102040816 0.267593224244 
1.0612244898 1.38775510204 0.261350859415 
1.0612244898 1.42857142857 0.260337779768 
1.0612244898 1.4693877551 0.259984010256 
1.0612244898 1.51020408163 0.260111964017 
1.0612244898 1.55102040816 0.260337987996 
1.10204081633 1.42857142857 0.253883692004 
1.10204081633 1.4693877551 0.253106174774 
1.10204081633 1.51020408163 0.252957415384 
1.10204081633 1.55102040816 0.253266912333 
1.10204081633 1.59183673469 0.253662654971 
1.14285714286 1.42857142857 0.248296417755 
1.14285714286 1.4693877551 0.246831367226 
1.14285714286 1.51020408163 0.246265467348 
1.14285714286 1.55102040816 0.246300641295 
1.14285714286 1.59183673469 0.24677288894 
1.18367346939 1.4693877551 0.24139929504 
1.18367346939 1.51020408163 0.240160249193 
1.18367346939 1.55102040816 0.239784797154 
1.18367346939 1.59183673469 0.239985240237 
1.18367346939 1.63265306122 0.240603566716 
1.22448979592 1.51020408163 0.234874989768 
1.22448979592 1.55102040816 0.233840242635 
1.22448979592 1.59183673469 0.233636469022 
1.22448979592 1.63265306122 0.233985609231 
1.22448979592 1.67346938776 0.23473518704 
1.26530612245 1.55102040816 0.228694068985 
1.26530612245 1.59183673469 0.227844338978 
1.26530612245 1.63265306122 0.227795557297 
1.26530612245 1.67346938776 0.228278643152 
1.26530612245 1.71428571429 0.229146254015 
1.30612244898 1.55102040816 0.224000174368 
1.30612244898 1.59183673469 0.222830118498 
1.30612244898 1.63265306122 0.222148230503 
1.30612244898 1.67346938776 0.222239568094 
1.30612244898 1.71428571429 0.222843437363 
1.34693877551 1.59183673469 0.218256580153 
1.34693877551 1.63265306122 0.217259365536 
1.34693877551 1.67346938776 0.216729980979 
1.34693877551 1.71428571429 0.216948149806 
1.34693877551 1.75510204082 0.217661031842 
1.38775510204 1.63265306122 0.212800165649 
1.38775510204 1.67346938776 0.21196035662 
1.38775510204 1.71428571429 0.211569743336 
1.38775510204 1.75510204082 0.211902843997 
1.38775510204 1.79591836735 0.21271419021 
1.42857142857 1.67346938776 0.207609917706 
1.42857142857 1.71428571429 0.206913681463 
1.42857142857 1.75510204082 0.206649516747 
1.42857142857 1.79591836735 0.20708687027 
1.42857142857 1.83673469388 0.207987208205 
1.4693877551 1.71428571429 0.202666824428 
1.4693877551 1.75510204082 0.202101735382 
1.4693877551 1.79591836735 0.201952936821 
1.4693877551 1.83673469388 0.202484939819 
1.4693877551 1.87755102041 0.203465747157 
1.51020408163 1.75510204082 0.197953642464 
1.51020408163 1.79591836735 0.197508514123 
1.51020408163 1.83673469388 0.197465093781 
1.51020408163 1.87755102041 0.198083093301 
1.51020408163 1.91836734694 0.199136688707 
1.55102040816 1.75510204082 0.194256715782 
1.55102040816 1.79591836735 0.193454696045 
1.55102040816 1.83673469388 0.193119436032 
1.55102040816 1.87755102041 0.193172374351 
1.55102040816 1.91836734694 0.193868559401 
1.59183673469 1.79591836735 0.189841790423 
1.59183673469 1.83673469388 0.189155702799 
1.59183673469 1.87755102041 0.188921187422 
1.59183673469 1.91836734694 0.189062323832 
1.59183673469 1.95918367347 0.189829631081 
1.63265306122 1.83673469388 0.185623083969 
1.63265306122 1.87755102041 0.185043622304 
1.63265306122 1.91836734694 0.18490158769 
1.63265306122 1.95918367347 0.185123525419 
1.63265306122 2 0.185955556977 
1.67346938776 1.87755102041 0.181587799535 
1.67346938776 1.91836734694 0.181106523957 
1.67346938776 1.95918367347 0.18104947128 
1.67346938776 2 0.181345494288 
1.67346938776 2.04081632653 0.182236445837 
1.71428571429 1.87755102041 0.178456639295 
1.71428571429 1.91836734694 0.177724229332 
1.71428571429 1.95918367347 0.177333471374 
1.71428571429 2 0.177354584111 
1.71428571429 2.04081632653 0.177718584402 
1.75510204082 1.91836734694 0.174659689523 
1.75510204082 1.95918367347 0.174021641221 
1.75510204082 2 0.173714420938 
1.75510204082 2.04081632653 0.173807492429 
1.75510204082 2.08163265306 0.174233906277 
1.79591836735 1.91836734694 0.173925729042 
1.79591836735 1.95918367347 0.171020945991 
1.79591836735 2 0.170470179155 
1.79591836735 2.04081632653 0.170240132519 
1.79591836735 2.08163265306 0.170399502381 
1.83673469388 1.91836734694 0.17615399191 
1.83673469388 1.95918367347 0.170302276354 
1.83673469388 2 0.167530722604 
1.83673469388 2.04081632653 0.167060775572 
1.83673469388 2.08163265306 0.166902090705 
1.87755102041 1.91836734694 0.178714272929 
1.87755102041 1.95918367347 0.172484117078 
1.87755102041 2 0.166826719693 
1.87755102041 2.04081632653 0.164180108151 
1.87755102041 2.08163265306 0.16378507409 
1.91836734694 1.91836734694 0.181620454787 
1.91836734694 1.95918367347 0.17499105891 
1.91836734694 2 0.168964033056 
1.91836734694 2.04081632653 0.1634901853 
1.91836734694 2.08163265306 0.160960890345 
1.95918367347 1.91836734694 0.185140344939 
1.95918367347 1.95918367347 0.177836695313 
1.95918367347 2 0.171419812809 
1.95918367347 2.04081632653 0.165584752395 
1.95918367347 2.08163265306 0.160284495392 
2 1.91836734694 0.189243508434 
2 1.95918367347 0.181283254419 
2 2 0.174207375 
2 2.04081632653 0.167991416553 
2 2.08163265306 0.162337992544 
