5 0.882240148105 0.316849782993 
5 0.873240148105 0.316868925243 
5 0.876240148105 0.316858056488 
5 0.879240148105 0.3168517266 
5 0.885240148105 0.31685296892 
5 0.888240148105 0.316858037652 
5 0.891240148105 0.316867960075 
6 0.923452935421 0.317047755601 
6 0.914452935421 0.317067101737 
6 0.917452935421 0.317055356862 
6 0.920452935421 0.317049417544 
6 0.926452935421 0.317051511322 
6 0.929452935421 0.317064145755 
6 0.932452935421 0.317083462683 
6 0.923452935421 0.317047755601 
6 0.914452935421 0.317067101737 
6 0.917452935421 0.317055356862 
6 0.920452935421 0.317049417544 
6 0.926452935421 0.317051511322 
6 0.929452935421 0.317064145755 
6 0.932452935421 0.317083462683 
7 0.926237217613 0.318005902734 
7 0.917237217613 0.318015254003 
7 0.920237217613 0.318011185614 
7 0.923237217613 0.318007244821 
7 0.929237217613 0.318007824322 
7 0.932237217613 0.318011610538 
7 0.935237217613 0.318018379584 
8 0.883751246542 0.318093353323 
8 0.874751246542 0.318128881592 
8 0.877751246542 0.31811254713 
8 0.880751246542 0.318098747918 
8 0.886751246542 0.3180937938 
8 0.889751246542 0.318104452245 
8 0.892751246542 0.318117130419 
8 0.883743038431 0.318093374878 
8 0.874743038431 0.318128931771 
8 0.877743038431 0.318112575349 
8 0.880743038431 0.318098782806 
8 0.886743038431 0.318093788818 
8 0.889743038431 0.318104432984 
8 0.892743038431 0.318117078635 
9 0.921041255928 0.317395595585 
9 0.912041255928 0.317407860708 
9 0.915041255928 0.317402231234 
9 0.918041255928 0.317398426672 
9 0.924041255928 0.317394759749 
9 0.927041255928 0.317398476787 
9 0.930041255928 0.317405187694 
10 0.88370427984 0.31778905292 
10 0.87470427984 0.317820154337 
10 0.87770427984 0.317805242682 
10 0.88070427984 0.317793333718 
10 0.88670427984 0.317790411108 
10 0.88970427984 0.317800345274 
10 0.89270427984 0.317811993761 
11 0.894574651223 0.317281756066 
11 0.885574651223 0.317294468389 
11 0.888574651223 0.317284260161 
11 0.891574651223 0.317281965574 
11 0.897574651223 0.317285766203 
11 0.900574651223 0.317293510652 
11 0.903574651223 0.31730573469 
13 0.877609185221 0.317572052018 
13 0.868609185221 0.317583093442 
13 0.871609185221 0.317576410359 
13 0.874609185221 0.317572938944 
13 0.880609185221 0.317571946188 
13 0.883609185221 0.317576278421 
13 0.886609185221 0.317581471569 
14 0.895333792261 0.317688139256 
14 0.886333792261 0.317699651466 
14 0.889333792261 0.317694239897 
14 0.892333792261 0.317689927796 
14 0.898333792261 0.31768841319 
14 0.901333792261 0.317697183023 
14 0.904333792261 0.317709175453 
16 0.884024218015 0.317675631519 
16 0.875024218015 0.317686434149 
16 0.878024218015 0.317682197636 
16 0.881024218015 0.3176774696 
16 0.887024218015 0.317677815832 
16 0.890024218015 0.317684911859 
16 0.893024218015 0.317693395195 
17 0.894475309587 0.317588244084 
17 0.885475309587 0.317604599849 
17 0.888475309587 0.317595915651 
17 0.891475309587 0.317590678129 
17 0.897475309587 0.317590128729 
17 0.900475309587 0.317593384898 
17 0.903475309587 0.317601729373 
19 0.884569938629 0.317742011613 
19 0.878569938629 0.317743726644 
19 0.881569938629 0.317743867663 
19 0.887569938629 0.317742412122 
19 0.890569938629 0.31774369096 
19 0.893569938629 0.317746279635 
19 0.896569938629 0.31774668182 
21 0.88755893069 0.317662744817 
21 0.87855893069 0.317675896654 
21 0.88155893069 0.317669300017 
21 0.88455893069 0.317663417251 
21 0.89055893069 0.317664766779 
21 0.89355893069 0.317669546374 
21 0.89655893069 0.317673958976 
24 0.883947688845 0.317565847989 
24 0.874947688845 0.317588471418 
24 0.877947688845 0.317577611215 
24 0.880947688845 0.317568434412 
24 0.886947688845 0.317567917339 
24 0.889947688845 0.317575049356 
24 0.892947688845 0.31758348986 
26 0.89485932802 0.317616947585 
26 0.88585932802 0.317620716715 
26 0.88885932802 0.317618103712 
26 0.89185932802 0.317617846952 
26 0.89785932802 0.317619350717 
26 0.90085932802 0.317623100939 
26 0.90385932802 0.31762929947 
29 0.899807172648 0.317649550995 
29 0.890807172648 0.31765679693 
29 0.893807172648 0.317653263368 
29 0.896807172648 0.317650492117 
29 0.902807172648 0.317650732828 
29 0.905807172648 0.31765429327 
29 0.908807172648 0.317658717985 
32 0.891630439685 0.317650042803 
32 0.882630439685 0.31765983069 
32 0.885630439685 0.3176539508 
32 0.888630439685 0.317650257676 
32 0.894630439685 0.317650814444 
32 0.897630439685 0.317654780733 
32 0.900630439685 0.317659587092 
36 0.889577586185 0.317636814124 
36 0.880577586185 0.31765492982 
36 0.883577586185 0.317644879976 
36 0.886577586185 0.317638613653 
36 0.892577586185 0.317637065505 
36 0.895577586185 0.31764269323 
36 0.898577586185 0.317650445402 
39 0.892459866662 0.317630133398 
39 0.883459866662 0.317638430794 
39 0.886459866662 0.317633354557 
39 0.889459866662 0.317632044556 
39 0.895459866662 0.317632260527 
39 0.898459866662 0.317635575718 
39 0.901459866662 0.317643431908 
44 0.88951482849 0.317626799156 
44 0.88051482849 0.317645193214 
44 0.88351482849 0.317634579119 
44 0.88651482849 0.317627193634 
44 0.89251482849 0.317627577504 
44 0.89551482849 0.317632038924 
44 0.89851482849 0.317637254482 
49 0.894416850895 0.31765303025 
49 0.885416850895 0.317659359684 
49 0.888416850895 0.317655607204 
49 0.891416850895 0.317654012469 
49 0.897416850895 0.317654156409 
49 0.900416850895 0.317655222055 
49 0.903416850895 0.317659509671 
54 0.891030088076 0.317646962101 
54 0.882030088076 0.317658060023 
54 0.885030088076 0.317651662305 
54 0.888030088076 0.317647793081 
54 0.894030088076 0.317648219596 
54 0.897030088076 0.317650848696 
54 0.900030088076 0.317654165822 
60 0.891530193932 0.317645068798 
60 0.882530193932 0.31765249892 
60 0.885530193932 0.317648852976 
60 0.888530193932 0.317645844965 
60 0.894530193932 0.317645129724 
60 0.897530193932 0.317648140957 
60 0.900530193932 0.317651606065 
66 0.888661549961 0.317631993349 
66 0.882661549961 0.317642247436 
66 0.885661549961 0.317635711363 
66 0.891661549961 0.317632441092 
66 0.894661549961 0.317633940312 
66 0.897661549961 0.317638818689 
66 0.900661549961 0.317644343374 
73 0.894258899619 0.317641026864 
73 0.885258899619 0.317651403745 
73 0.888258899619 0.317645631316 
73 0.891258899619 0.317642381144 
73 0.897258899619 0.317642377631 
73 0.900258899619 0.317644272126 
73 0.903258899619 0.317650482755 
81 0.896351316114 0.31763588702 
81 0.887351316114 0.317641312571 
81 0.890351316114 0.31763797096 
81 0.893351316114 0.317636718435 
81 0.899351316114 0.31763989742 
81 0.902351316114 0.317646052422 
81 0.905351316114 0.317655758999 
90 0.891098523288 0.317639201261 
90 0.885098523288 0.317645631118 
90 0.888098523288 0.317640712534 
90 0.894098523288 0.317639711006 
90 0.897098523288 0.317642222406 
90 0.900098523288 0.317645250243 
90 0.903098523288 0.317650830825 
100 0.8910803984 0.317639304994 
100 0.8850803984 0.317647787733 
100 0.8880803984 0.317641808194 
100 0.8940803984 0.317638951086 
100 0.8970803984 0.31764119036 
100 0.9000803984 0.317644989917 
100 0.9030803984 0.31765208482 
