0 1.91836734694 0.484580327938 
0 1.95918367347 0.482848844638 
0 2 0.481275278084 
0 2.04081632653 0.479880801923 
0 2.08163265306 0.478545206133 
0.0408163265306 1.91836734694 0.476027351584 
0.0408163265306 1.95918367347 0.474484904439 
0.0408163265306 2 0.472994786584 
0.0408163265306 2.04081632653 0.471649772522 
0.0408163265306 2.08163265306 0.470471374434 
0.0816326530612 1.91836734694 0.4674252393 
0.0816326530612 1.95918367347 0.466110115093 
0.0816326530612 2 0.464801539042 
0.0816326530612 2.04081632653 0.463534890852 
0.0816326530612 2.08163265306 0.462401737767 
0.122448979592 1.91836734694 0.459014888626 
0.122448979592 1.95918367347 0.457687213481 
0.122448979592 2 0.456597663764 
0.122448979592 2.04081632653 0.455505508261 
0.122448979592 2.08163265306 0.454445971424 
0.163265306122 1.91836734694 0.450438141115 
0.163265306122 1.95918367347 0.449452078446 
0.163265306122 2 0.448346658104 
0.163265306122 2.04081632653 0.447465710489 
0.163265306122 2.08163265306 0.446574027707 
0.204081632653 1.91836734694 0.441951804349 
0.204081632653 1.95918367347 0.441054013175 
0.204081632653 2 0.440279587049 
0.204081632653 2.04081632653 0.439379724942 
0.204081632653 2.08163265306 0.438691873028 
0.244897959184 1.91836734694 0.433538781377 
0.244897959184 1.95918367347 0.432744475092 
0.244897959184 2 0.432052910865 
0.244897959184 2.04081632653 0.431473995308 
0.244897959184 2.08163265306 0.430764436218 
0.285714285714 1.91836734694 0.425013887398 
0.285714285714 1.95918367347 0.424506723432 
0.285714285714 2 0.423912955192 
0.285714285714 2.04081632653 0.423411852648 
0.285714285714 2.08163265306 0.423013720891 
0.326530612245 1.91836734694 0.416759565003 
0.326530612245 1.95918367347 0.41615943141 
0.326530612245 2 0.415843320913 
0.326530612245 2.04081632653 0.415434696088 
0.326530612245 2.08163265306 0.415109659459 
0.367346938776 1.91836734694 0.408363341276 
0.367346938776 1.95918367347 0.408077074066 
0.367346938776 2 0.40766638179 
0.367346938776 2.04081632653 0.407526454495 
0.367346938776 2.08163265306 0.407288917734 
0.408163265306 1.91836734694 0.400028257984 
0.408163265306 1.95918367347 0.399855771666 
0.408163265306 2 0.399748970513 
0.408163265306 2.04081632653 0.399513054154 
0.408163265306 2.08163265306 0.399535739701 
0.448979591837 1.87755102041 0.391997368797 
0.448979591837 1.91836734694 0.391846647315 
0.448979591837 1.95918367347 0.391694335943 
0.448979591837 2 0.391695449796 
0.448979591837 2.04081632653 0.391753991103 
0.489795918367 1.83673469388 0.383772017186 
0.489795918367 1.87755102041 0.383678878928 
0.489795918367 1.91836734694 0.383656999248 
0.489795918367 1.95918367347 0.383683175496 
0.489795918367 2 0.383700573985 
0.530612244898 1.71428571429 0.375538325252 
0.530612244898 1.75510204082 0.375443109682 
0.530612244898 1.79591836735 0.375386377474 
0.530612244898 1.83673469388 0.375455308817 
0.530612244898 1.87755102041 0.375429147247 
0.571428571429 1.67346938776 0.366866697747 
0.571428571429 1.71428571429 0.366817964513 
0.571428571429 1.75510204082 0.366804875827 
0.571428571429 1.79591836735 0.366910311735 
0.571428571429 1.83673469388 0.367044457975 
0.612244897959 1.59183673469 0.358216519568 
0.612244897959 1.63265306122 0.358127094903 
0.612244897959 1.67346938776 0.358093462576 
0.612244897959 1.71428571429 0.358131776372 
0.612244897959 1.75510204082 0.358287314176 
0.65306122449 1.51020408163 0.349556292081 
0.65306122449 1.55102040816 0.349375578535 
0.65306122449 1.59183673469 0.34917959852 
0.65306122449 1.63265306122 0.349261106579 
0.65306122449 1.67346938776 0.34939228771 
0.69387755102 1.4693877551 0.341526823159 
0.69387755102 1.51020408163 0.340923737051 
0.69387755102 1.55102040816 0.340357442289 
0.69387755102 1.59183673469 0.340417230367 
0.69387755102 1.63265306122 0.340450108557 
0.734693877551 1.51020408163 0.332296368479 
0.734693877551 1.55102040816 0.331952059761 
0.734693877551 1.59183673469 0.331630328384 
0.734693877551 1.63265306122 0.331906799608 
0.734693877551 1.67346938776 0.332146447373 
0.775510204082 1.55102040816 0.323551727203 
0.775510204082 1.59183673469 0.323440468485 
0.775510204082 1.63265306122 0.323339570175 
0.775510204082 1.67346938776 0.323811511813 
0.775510204082 1.71428571429 0.324238198626 
0.816326530612 1.51020408163 0.315789116486 
0.816326530612 1.55102040816 0.315510409014 
0.816326530612 1.59183673469 0.31525552907 
0.816326530612 1.63265306122 0.315354456773 
0.816326530612 1.67346938776 0.315453239195 
0.857142857143 1.55102040816 0.307478876579 
0.857142857143 1.59183673469 0.307420398526 
0.857142857143 1.63265306122 0.307374140843 
0.857142857143 1.67346938776 0.307662884656 
0.857142857143 1.71428571429 0.307942447785 
0.897959183673 1.51020408163 0.29999502781 
0.897959183673 1.55102040816 0.299717468099 
0.897959183673 1.59183673469 0.29959480282 
0.897959183673 1.63265306122 0.299734888563 
0.897959183673 1.67346938776 0.299877210579 
0.938775510204 1.51020408163 0.292363374197 
0.938775510204 1.55102040816 0.292100421815 
0.938775510204 1.59183673469 0.292032404814 
0.938775510204 1.63265306122 0.29210493275 
0.938775510204 1.67346938776 0.292424281525 
0.979591836735 1.51020408163 0.284699681824 
0.979591836735 1.55102040816 0.284669601192 
0.979591836735 1.59183673469 0.28461066741 
0.979591836735 1.63265306122 0.284731594694 
0.979591836735 1.67346938776 0.284980422195 
1.02040816327 1.4693877551 0.277605882953 
1.02040816327 1.51020408163 0.277301064046 
1.02040816327 1.55102040816 0.277207584934 
1.02040816327 1.59183673469 0.277370380648 
1.02040816327 1.63265306122 0.277495400725 
1.0612244898 1.4693877551 0.270402884921 
1.0612244898 1.51020408163 0.270103021252 
1.0612244898 1.55102040816 0.270003667624 
1.0612244898 1.59183673469 0.270099698141 
1.0612244898 1.63265306122 0.270436121132 
1.10204081633 1.4693877551 0.263839018392 
1.10204081633 1.51020408163 0.263094698842 
1.10204081633 1.55102040816 0.262995047008 
1.10204081633 1.59183673469 0.263080496659 
1.10204081633 1.63265306122 0.263347205687 
1.14285714286 1.4693877551 0.25791296078 
1.14285714286 1.51020408163 0.256708234111 
1.14285714286 1.55102040816 0.256171154136 
1.14285714286 1.59183673469 0.256251584265 
1.14285714286 1.63265306122 0.256503484243 
1.18367346939 1.51020408163 0.250942340219 
1.18367346939 1.55102040816 0.249952754266 
1.18367346939 1.59183673469 0.249602663004 
1.18367346939 1.63265306122 0.249845294658 
1.18367346939 1.67346938776 0.2502473017 
1.22448979592 1.55102040816 0.244338594424 
1.22448979592 1.59183673469 0.243543709285 
1.22448979592 1.63265306122 0.243362596429 
1.22448979592 1.67346938776 0.243751506983 
1.22448979592 1.71428571429 0.244289032612 
1.26530612245 1.59183673469 0.238073502259 
1.26530612245 1.63265306122 0.237455116553 
1.26530612245 1.67346938776 0.237426923346 
1.26530612245 1.71428571429 0.237947899674 
1.26530612245 1.75510204082 0.238607892319 
1.30612244898 1.59183673469 0.233186932667 
1.30612244898 1.63265306122 0.232121664702 
1.30612244898 1.67346938776 0.231663528344 
1.30612244898 1.71428571429 0.231773901361 
1.30612244898 1.75510204082 0.232414227589 
1.34693877551 1.63265306122 0.227357259351 
1.34693877551 1.67346938776 0.226460160685 
1.34693877551 1.71428571429 0.22614773005 
1.34693877551 1.75510204082 0.226383810632 
1.34693877551 1.79591836735 0.227132086053 
1.38775510204 1.67346938776 0.221811960342 
1.38775510204 1.71428571429 0.221068252097 
1.38775510204 1.75510204082 0.220888480514 
1.38775510204 1.79591836735 0.221238724027 
1.38775510204 1.83673469388 0.222084706363 
1.42857142857 1.71428571429 0.216530723191 
1.42857142857 1.75510204082 0.215927129956 
1.42857142857 1.79591836735 0.215868287775 
1.42857142857 1.83673469388 0.216322307937 
1.42857142857 1.87755102041 0.217256777964 
1.4693877551 1.71428571429 0.212324428704 
1.4693877551 1.75510204082 0.211495124977 
1.4693877551 1.79591836735 0.211019695184 
1.4693877551 1.83673469388 0.211071214714 
1.4693877551 1.87755102041 0.211619649069 
1.51020408163 1.75510204082 0.207386651292 
1.51020408163 1.79591836735 0.206688417592 
1.51020408163 1.83673469388 0.206330368624 
1.51020408163 1.87755102041 0.206482710046 
1.51020408163 1.91836734694 0.207117103344 
1.55102040816 1.79591836735 0.202673318308 
1.55102040816 1.83673469388 0.202095341645 
1.55102040816 1.87755102041 0.201844925828 
1.55102040816 1.91836734694 0.202089460896 
1.55102040816 1.95918367347 0.202802163691 
1.59183673469 1.83673469388 0.19816946679 
1.59183673469 1.87755102041 0.197701964653 
1.59183673469 1.91836734694 0.197550352938 
1.59183673469 1.95918367347 0.197879263794 
1.59183673469 2 0.198663344024 
1.63265306122 1.87755102041 0.193861434903 
1.63265306122 1.91836734694 0.193495539873 
1.63265306122 1.95918367347 0.193434720585 
1.63265306122 2 0.193840911472 
1.63265306122 2.04081632653 0.194690077143 
1.67346938776 1.87755102041 0.190476436119 
1.67346938776 1.91836734694 0.189736723523 
1.67346938776 1.95918367347 0.189464382792 
1.67346938776 2 0.189487073226 
1.67346938776 2.04081632653 0.189964093242 
1.71428571429 1.91836734694 0.186423745988 
1.71428571429 1.95918367347 0.185783875116 
1.71428571429 2 0.185597762735 
1.71428571429 2.04081632653 0.185697331762 
1.71428571429 2.08163265306 0.1862393071 
1.75510204082 1.91836734694 0.18349943188 
1.75510204082 1.95918367347 0.182539917947 
1.75510204082 2 0.18199236746 
1.75510204082 2.04081632653 0.181885807481 
1.75510204082 2.08163265306 0.18205620761 
1.79591836735 1.91836734694 0.18272052273 
1.79591836735 1.95918367347 0.179676527049 
1.79591836735 2 0.178814613499 
1.79591836735 2.04081632653 0.178352520111 
1.79591836735 2.08163265306 0.178319419099 
1.83673469388 1.91836734694 0.184794026654 
1.83673469388 1.95918367347 0.178913845173 
1.83673469388 2 0.17600965915 
1.83673469388 2.04081632653 0.175238321229 
1.83673469388 2.08163265306 0.174855411874 
1.87755102041 1.91836734694 0.18727546742 
1.87755102041 1.95918367347 0.180944151099 
1.87755102041 2 0.17526254221 
1.87755102041 2.04081632653 0.172489465967 
1.87755102041 2.08163265306 0.171802275715 
1.91836734694 1.91836734694 0.19002282187 
1.91836734694 1.95918367347 0.183373895182 
1.91836734694 2 0.177251413321 
1.91836734694 2.04081632653 0.171757291366 
1.91836734694 2.08163265306 0.169107319576 
1.95918367347 1.91836734694 0.193381531288 
1.95918367347 1.95918367347 0.186064013081 
1.95918367347 2 0.179631570791 
1.95918367347 2.04081632653 0.173706385055 
1.95918367347 2.08163265306 0.168389501339 
2 1.91836734694 0.197258916693 
2 1.95918367347 0.189352749386 
2 2 0.182266788325 
2 2.04081632653 0.176038939375 
2 2.08163265306 0.170300377504 
