0 1.91836734694 0.502344075978 
0 1.95918367347 0.500000612928 
0 2 0.497899941648 
0 2.04081632653 0.49575370037 
0 2.08163265306 0.493850685755 
0.0408163265306 1.91836734694 0.493959024462 
0.0408163265306 1.95918367347 0.491878574395 
0.0408163265306 2 0.489796518787 
0.0408163265306 2.04081632653 0.487941942815 
0.0408163265306 2.08163265306 0.486033039578 
0.0816326530612 1.91836734694 0.485725680911 
0.0816326530612 1.95918367347 0.483668211453 
0.0816326530612 2 0.481840236142 
0.0816326530612 2.04081632653 0.480000588411 
0.0816326530612 2.08163265306 0.478374453741 
0.122448979592 1.91836734694 0.477542677624 
0.122448979592 1.95918367347 0.475606395892 
0.122448979592 2 0.473797431627 
0.122448979592 2.04081632653 0.472203431419 
0.122448979592 2.08163265306 0.470588812168 
0.163265306122 1.91836734694 0.469289023907 
0.163265306122 1.95918367347 0.46759387184 
0.163265306122 2 0.465900142915 
0.163265306122 2.04081632653 0.464321482995 
0.163265306122 2.08163265306 0.462944540607 
0.204081632653 1.91836734694 0.461194847698 
0.204081632653 1.95918367347 0.459512169242 
0.204081632653 2 0.458051139762 
0.204081632653 2.04081632653 0.456582140057 
0.204081632653 2.08163265306 0.455217140191 
0.244897959184 1.91836734694 0.453088188729 
0.244897959184 1.95918367347 0.451586621704 
0.244897959184 2 0.45013436987 
0.244897959184 2.04081632653 0.448890116967 
0.244897959184 2.08163265306 0.447629549075 
0.285714285714 1.91836734694 0.445081562138 
0.285714285714 1.95918367347 0.443648851464 
0.285714285714 2 0.4423705682 
0.285714285714 2.04081632653 0.441131682473 
0.285714285714 2.08163265306 0.440088349967 
0.326530612245 1.91836734694 0.436936839874 
0.326530612245 1.95918367347 0.435809029593 
0.326530612245 2 0.43459479327 
0.326530612245 2.04081632653 0.433523156836 
0.326530612245 2.08163265306 0.43248204164 
0.367346938776 1.91836734694 0.428898428782 
0.367346938776 1.95918367347 0.427833989043 
0.367346938776 2 0.426914967765 
0.367346938776 2.04081632653 0.425902897405 
0.367346938776 2.08163265306 0.42502270278 
0.408163265306 1.91836734694 0.420886743533 
0.408163265306 1.95918367347 0.419963044849 
0.408163265306 2 0.419102683144 
0.408163265306 2.04081632653 0.41837666841 
0.408163265306 2.08163265306 0.417551860201 
0.448979591837 1.91836734694 0.412876746289 
0.448979591837 1.95918367347 0.41211826971 
0.448979591837 2 0.411392370465 
0.448979591837 2.04081632653 0.410720629481 
0.448979591837 2.08163265306 0.410173204323 
0.489795918367 1.91836734694 0.405080955994 
0.489795918367 1.95918367347 0.404275147407 
0.489795918367 2 0.403707692777 
0.489795918367 2.04081632653 0.403164523055 
0.489795918367 2.08163265306 0.402667283805 
0.530612244898 1.91836734694 0.39735058338 
0.530612244898 1.95918367347 0.396641769411 
0.530612244898 2 0.396024634195 
0.530612244898 2.04081632653 0.395633538921 
0.530612244898 2.08163265306 0.395259336329 
0.571428571429 1.91836734694 0.389474938345 
0.571428571429 1.95918367347 0.389072446226 
0.571428571429 2 0.388547039423 
0.571428571429 2.04081632653 0.388104141511 
0.571428571429 2.08163265306 0.38787601855 
0.612244897959 1.91836734694 0.381791258781 
0.612244897959 1.95918367347 0.381360877129 
0.612244897959 2 0.381132192222 
0.612244897959 2.04081632653 0.380776098635 
0.612244897959 2.08163265306 0.380494256384 
0.65306122449 1.91836734694 0.374143548421 
0.65306122449 1.95918367347 0.373837274223 
0.65306122449 2 0.373578002086 
0.65306122449 2.04081632653 0.373509548377 
0.65306122449 2.08163265306 0.373309900622 
0.69387755102 1.91836734694 0.366365543062 
0.69387755102 1.95918367347 0.366348891162 
0.69387755102 2 0.366207942096 
0.69387755102 2.04081632653 0.366106442044 
0.69387755102 2.08163265306 0.366185831742 
0.734693877551 1.87755102041 0.359048096035 
0.734693877551 1.91836734694 0.35875492452 
0.734693877551 1.95918367347 0.358732927582 
0.734693877551 2 0.358872383179 
0.734693877551 2.04081632653 0.358883783254 
0.775510204082 1.87755102041 0.351609794608 
0.775510204082 1.91836734694 0.351408774842 
0.775510204082 1.95918367347 0.351280863593 
0.775510204082 2 0.351411847427 
0.775510204082 2.04081632653 0.351694935515 
0.816326530612 1.87755102041 0.344346889424 
0.816326530612 1.91836734694 0.344128735148 
0.816326530612 1.95918367347 0.3440877587 
0.816326530612 2 0.344111866377 
0.816326530612 2.04081632653 0.344383610478 
0.857142857143 1.87755102041 0.337167583718 
0.857142857143 1.91836734694 0.337020359862 
0.857142857143 1.95918367347 0.336959386499 
0.857142857143 2 0.337065559543 
0.857142857143 2.04081632653 0.337229629049 
0.897959183673 1.83673469388 0.330598736544 
0.897959183673 1.87755102041 0.330235880224 
0.897959183673 1.91836734694 0.329993805341 
0.897959183673 1.95918367347 0.329999102365 
0.897959183673 2 0.330082664326 
0.938775510204 1.87755102041 0.323411807489 
0.938775510204 1.91836734694 0.3232095849 
0.938775510204 1.95918367347 0.323118934397 
0.938775510204 2 0.323264426806 
0.938775510204 2.04081632653 0.323481011039 
0.979591836735 1.87755102041 0.316643949105 
0.979591836735 1.91836734694 0.316530705202 
0.979591836735 1.95918367347 0.316476051882 
0.979591836735 2 0.316524670429 
0.979591836735 2.04081632653 0.31679913827 
1.02040816327 1.83673469388 0.310398888462 
1.02040816327 1.87755102041 0.310096815549 
1.02040816327 1.91836734694 0.309906843804 
1.02040816327 1.95918367347 0.30993631551 
1.02040816327 2 0.310017356945 
1.0612244898 1.87755102041 0.303651086539 
1.0612244898 1.91836734694 0.303499010963 
1.0612244898 1.95918367347 0.303450451225 
1.0612244898 2 0.303611084581 
1.0612244898 2.04081632653 0.303817009806 
1.10204081633 1.79591836735 0.297652155455 
1.10204081633 1.83673469388 0.29742333359 
1.10204081633 1.87755102041 0.297175542983 
1.10204081633 1.91836734694 0.297190425123 
1.10204081633 1.95918367347 0.297176114901 
1.14285714286 1.83673469388 0.291037663112 
1.14285714286 1.87755102041 0.290957608946 
1.14285714286 1.91836734694 0.29085265909 
1.14285714286 1.95918367347 0.290998957933 
1.14285714286 2 0.29111129623 
1.18367346939 1.79591836735 0.285052299446 
1.18367346939 1.83673469388 0.284792107262 
1.18367346939 1.87755102041 0.284710757392 
1.18367346939 1.91836734694 0.284767021522 
1.18367346939 1.95918367347 0.284793228692 
1.22448979592 1.79591836735 0.278864803366 
1.22448979592 1.83673469388 0.278717803903 
1.22448979592 1.87755102041 0.278600974496 
1.22448979592 1.91836734694 0.278653081703 
1.22448979592 1.95918367347 0.27883437524 
1.26530612245 1.79591836735 0.27285552297 
1.26530612245 1.83673469388 0.272667807735 
1.26530612245 1.87755102041 0.272658721209 
1.26530612245 1.91836734694 0.272673294187 
1.26530612245 1.95918367347 0.272847809167 
1.30612244898 1.79591836735 0.267066267727 
1.30612244898 1.83673469388 0.266792066904 
1.30612244898 1.87755102041 0.266740246698 
1.30612244898 1.91836734694 0.266857471822 
1.30612244898 1.95918367347 0.266992600558 
1.34693877551 1.79591836735 0.261488481659 
1.34693877551 1.83673469388 0.261131461778 
1.34693877551 1.87755102041 0.260992239363 
1.34693877551 1.91836734694 0.2610649223 
1.34693877551 1.95918367347 0.261297941159 
1.38775510204 1.83673469388 0.255677626511 
1.38775510204 1.87755102041 0.255454690869 
1.38775510204 1.91836734694 0.255439212994 
1.38775510204 1.95918367347 0.255626069752 
1.38775510204 2 0.255965330115 
1.42857142857 1.83673469388 0.250598657395 
1.42857142857 1.87755102041 0.250119417239 
1.42857142857 1.91836734694 0.250019484681 
1.42857142857 1.95918367347 0.250117562723 
1.42857142857 2 0.250409211186 
1.4693877551 1.83673469388 0.246085066342 
1.4693877551 1.87755102041 0.245150860495 
1.4693877551 1.91836734694 0.24479772751 
1.4693877551 1.95918367347 0.244810745416 
1.4693877551 2 0.245013122667 
1.51020408163 1.87755102041 0.240735390987 
1.51020408163 1.91836734694 0.23993488474 
1.51020408163 1.95918367347 0.239697774854 
1.51020408163 2 0.239814607755 
1.51020408163 2.04081632653 0.240112860214 
1.55102040816 1.91836734694 0.235613361392 
1.55102040816 1.95918367347 0.234936241307 
1.55102040816 2 0.23480598353 
1.55102040816 2.04081632653 0.2350183156 
1.55102040816 2.08163265306 0.235404764916 
1.59183673469 1.91836734694 0.231461897332 
1.59183673469 1.95918367347 0.230704749696 
1.59183673469 2 0.230141624138 
1.59183673469 2.04081632653 0.23010986386 
1.59183673469 2.08163265306 0.230410113333 
1.63265306122 1.91836734694 0.227663749435 
1.63265306122 1.95918367347 0.226639774471 
1.63265306122 2 0.225996489498 
1.63265306122 2.04081632653 0.225538791655 
1.63265306122 2.08163265306 0.225597905745 
1.67346938776 1.91836734694 0.224061016437 
1.67346938776 1.95918367347 0.222920754655 
1.67346938776 2 0.222014472951 
1.67346938776 2.04081632653 0.221476559708 
1.67346938776 2.08163265306 0.221116462407 
1.71428571429 1.91836734694 0.220773584599 
1.71428571429 1.95918367347 0.219393078595 
1.71428571429 2 0.218371351499 
1.71428571429 2.04081632653 0.217574183492 
1.71428571429 2.08163265306 0.217133882067 
1.75510204082 1.91836734694 0.217851572659 
1.75510204082 1.95918367347 0.21617413492 
1.75510204082 2 0.214915668828 
1.75510204082 2.04081632653 0.214003924469 
1.75510204082 2.08163265306 0.213308023031 
1.79591836735 1.91836734694 0.217003453753 
1.79591836735 1.95918367347 0.213312998229 
1.79591836735 2 0.211762417881 
1.79591836735 2.04081632653 0.210617355451 
1.79591836735 2.08163265306 0.209807769087 
1.83673469388 1.91836734694 0.218803392435 
1.83673469388 1.95918367347 0.212482548467 
1.83673469388 2 0.208959671734 
1.83673469388 2.04081632653 0.207527169523 
1.83673469388 2.08163265306 0.206487603383 
1.87755102041 1.91836734694 0.220878434715 
1.87755102041 1.95918367347 0.214244988426 
1.87755102041 2 0.208146169927 
1.87755102041 2.04081632653 0.2047804783 
1.87755102041 2.08163265306 0.203458009336 
1.91836734694 1.91836734694 0.223305055686 
1.91836734694 1.95918367347 0.216276800659 
1.91836734694 2 0.209872641723 
1.91836734694 2.04081632653 0.203983246528 
1.91836734694 2.08163265306 0.200765174804 
1.95918367347 1.91836734694 0.226299969745 
1.95918367347 1.95918367347 0.218652867026 
1.95918367347 2 0.2118629884 
1.95918367347 2.04081632653 0.205675188889 
1.95918367347 2.08163265306 0.199983575028 
2 1.91836734694 0.229778951006 
2 1.95918367347 0.221585387042 
2 2 0.214190563617 
2 2.04081632653 0.207625728632 
2 2.08163265306 0.201642342048 
