0 1.91836734694 0.464741025975 
0 1.95918367347 0.463757381022 
0 2 0.46281093127 
0 2.04081632653 0.461962799399 
0 2.08163265306 0.461113669649 
0.0408163265306 1.91836734694 0.455908255253 
0.0408163265306 1.95918367347 0.455058921267 
0.0408163265306 2 0.454292944675 
0.0408163265306 2.04081632653 0.453554712645 
0.0408163265306 2.08163265306 0.452904705293 
0.0816326530612 1.91836734694 0.447093310093 
0.0816326530612 1.95918367347 0.446410166602 
0.0816326530612 2 0.445772004506 
0.0816326530612 2.04081632653 0.445207085781 
0.0816326530612 2.08163265306 0.444661482985 
0.122448979592 1.91836734694 0.438292904197 
0.122448979592 1.95918367347 0.437778866132 
0.122448979592 2 0.437299755038 
0.122448979592 2.04081632653 0.436856564416 
0.122448979592 2.08163265306 0.43647753508 
0.163265306122 1.91836734694 0.429516067616 
0.163265306122 1.95918367347 0.429161802026 
0.163265306122 2 0.428844603558 
0.163265306122 2.04081632653 0.428553759938 
0.163265306122 2.08163265306 0.428290749428 
0.204081632653 1.91836734694 0.420745407167 
0.204081632653 1.95918367347 0.420567816207 
0.204081632653 2 0.420403397903 
0.204081632653 2.04081632653 0.420267711487 
0.204081632653 2.08163265306 0.420150745037 
0.244897959184 1.51020408163 0.412104679589 
0.244897959184 1.55102040816 0.412027867976 
0.244897959184 1.59183673469 0.41196098176 
0.244897959184 1.63265306122 0.411984790229 
0.244897959184 1.67346938776 0.412003654379 
0.285714285714 1.34693877551 0.401229909935 
0.285714285714 1.38775510204 0.401078397554 
0.285714285714 1.42857142857 0.400985366658 
0.285714285714 1.4693877551 0.401015629392 
0.285714285714 1.51020408163 0.401079923877 
0.326530612245 1.26530612245 0.389541528744 
0.326530612245 1.30612244898 0.389425627984 
0.326530612245 1.34693877551 0.389365443778 
0.326530612245 1.38775510204 0.389429030231 
0.326530612245 1.42857142857 0.389619014767 
0.367346938776 1.14285714286 0.377296806923 
0.367346938776 1.18367346939 0.37710749539 
0.367346938776 1.22448979592 0.377090701105 
0.367346938776 1.26530612245 0.377225119968 
0.367346938776 1.30612244898 0.377368355971 
0.408163265306 1.0612244898 0.364619184747 
0.408163265306 1.10204081633 0.364237820515 
0.408163265306 1.14285714286 0.364128023282 
0.408163265306 1.18367346939 0.364286572202 
0.408163265306 1.22448979592 0.364537245543 
0.448979591837 1.02040816327 0.351545539327 
0.448979591837 1.0612244898 0.351191728022 
0.448979591837 1.10204081633 0.351114770497 
0.448979591837 1.14285714286 0.351229326925 
0.448979591837 1.18367346939 0.351571884548 
0.489795918367 0.979591836735 0.339210706551 
0.489795918367 1.02040816327 0.338248867366 
0.489795918367 1.0612244898 0.338024557045 
0.489795918367 1.10204081633 0.338184626984 
0.489795918367 1.14285714286 0.338574957265 
0.530612244898 0.979591836735 0.326663562817 
0.530612244898 1.02040816327 0.325642278289 
0.530612244898 1.0612244898 0.325239295544 
0.530612244898 1.10204081633 0.325505129007 
0.530612244898 1.14285714286 0.326106604592 
0.571428571429 0.979591836735 0.314730138467 
0.571428571429 1.02040816327 0.313597020304 
0.571428571429 1.0612244898 0.313117575278 
0.571428571429 1.10204081633 0.313193395709 
0.571428571429 1.14285714286 0.313879945828 
0.612244897959 1.02040816327 0.302140932929 
0.612244897959 1.0612244898 0.301535596447 
0.612244897959 1.10204081633 0.301520628046 
0.612244897959 1.14285714286 0.302007917291 
0.612244897959 1.18367346939 0.30305649942 
0.65306122449 1.02040816327 0.29127827319 
0.65306122449 1.0612244898 0.290520127816 
0.65306122449 1.10204081633 0.290367611393 
0.65306122449 1.14285714286 0.290752034187 
0.65306122449 1.18367346939 0.291593851177 
0.69387755102 1.02040816327 0.281029252691 
0.69387755102 1.0612244898 0.280075262682 
0.69387755102 1.10204081633 0.279760123082 
0.69387755102 1.14285714286 0.279997339557 
0.69387755102 1.18367346939 0.280726101973 
0.734693877551 1.02040816327 0.271438203537 
0.734693877551 1.0612244898 0.27022043528 
0.734693877551 1.10204081633 0.269702104805 
0.734693877551 1.14285714286 0.269768690115 
0.734693877551 1.18367346939 0.270342258883 
0.775510204082 1.0612244898 0.260998272632 
0.775510204082 1.10204081633 0.26021227101 
0.775510204082 1.14285714286 0.260069886776 
0.775510204082 1.18367346939 0.26046632149 
0.775510204082 1.22448979592 0.261330850254 
0.816326530612 1.0612244898 0.252713805108 
0.816326530612 1.10204081633 0.251331669942 
0.816326530612 1.14285714286 0.250918975617 
0.816326530612 1.18367346939 0.251101959646 
0.816326530612 1.22448979592 0.251784110774 
0.857142857143 1.10204081633 0.243354034549 
0.857142857143 1.14285714286 0.242355538872 
0.857142857143 1.18367346939 0.242266597148 
0.857142857143 1.22448979592 0.242731894325 
0.857142857143 1.26530612245 0.243662042684 
0.897959183673 1.10204081633 0.23613678436 
0.897959183673 1.14285714286 0.234662819029 
0.897959183673 1.18367346939 0.233998451325 
0.897959183673 1.22448979592 0.234191043909 
0.897959183673 1.26530612245 0.234901833217 
0.938775510204 1.14285714286 0.227703327775 
0.938775510204 1.18367346939 0.226570997683 
0.938775510204 1.22448979592 0.226198502948 
0.938775510204 1.26530612245 0.226636494106 
0.938775510204 1.30612244898 0.227561150929 
0.979591836735 1.18367346939 0.219851488887 
0.979591836735 1.22448979592 0.219018631094 
0.979591836735 1.26530612245 0.218901777046 
0.979591836735 1.30612244898 0.219554103665 
0.979591836735 1.34693877551 0.220665358477 
1.02040816327 1.18367346939 0.214289643875 
1.02040816327 1.22448979592 0.212523105924 
1.02040816327 1.26530612245 0.211953513962 
1.02040816327 1.30612244898 0.212061096513 
1.02040816327 1.34693877551 0.212900949009 
1.0612244898 1.22448979592 0.207146655746 
1.0612244898 1.26530612245 0.205667521862 
1.0612244898 1.30612244898 0.20532996665 
1.0612244898 1.34693877551 0.20563500268 
1.0612244898 1.38775510204 0.206639156391 
1.10204081633 1.26530612245 0.200464505561 
1.10204081633 1.30612244898 0.199240411803 
1.10204081633 1.34693877551 0.199107846449 
1.10204081633 1.38775510204 0.199586914366 
1.10204081633 1.42857142857 0.200735180494 
1.14285714286 1.26530612245 0.199518373538 
1.14285714286 1.30612244898 0.194199989762 
1.14285714286 1.34693877551 0.193202823567 
1.14285714286 1.38775510204 0.193251733318 
1.14285714286 1.42857142857 0.193884431098 
1.18367346939 1.30612244898 0.193283424365 
1.18367346939 1.34693877551 0.188315141587 
1.18367346939 1.38775510204 0.18752038758 
1.18367346939 1.42857142857 0.187730255223 
1.18367346939 1.4693877551 0.188498752456 
1.22448979592 1.34693877551 0.1874263509 
1.22448979592 1.38775510204 0.182776460953 
1.22448979592 1.42857142857 0.18216266222 
1.22448979592 1.4693877551 0.182515525912 
1.22448979592 1.51020408163 0.183404191579 
1.26530612245 1.38775510204 0.181913811167 
1.26530612245 1.42857142857 0.177554276354 
1.26530612245 1.4693877551 0.17710258827 
1.26530612245 1.51020408163 0.17758267386 
1.26530612245 1.55102040816 0.178577765485 
1.30612244898 1.42857142857 0.176716273705 
1.30612244898 1.4693877551 0.172622213122 
1.30612244898 1.51020408163 0.17231603183 
1.30612244898 1.55102040816 0.1729094456 
1.30612244898 1.59183673469 0.173998848421 
1.34693877551 1.4693877551 0.171807488325 
1.34693877551 1.51020408163 0.167956747902 
1.34693877551 1.55102040816 0.167781399413 
1.34693877551 1.59183673469 0.168475870072 
1.34693877551 1.63265306122 0.169648877211 
1.38775510204 1.51020408163 0.167164042694 
1.38775510204 1.55102040816 0.163536833484 
1.38775510204 1.59183673469 0.163479312249 
1.38775510204 1.63265306122 0.16426397332 
1.38775510204 1.67346938776 0.165511099718 
1.42857142857 1.51020408163 0.170558399442 
1.42857142857 1.55102040816 0.162764988939 
1.42857142857 1.59183673469 0.159343581343 
1.42857142857 1.63265306122 0.159392329443 
1.42857142857 1.67346938776 0.160257534947 
1.4693877551 1.55102040816 0.166070020509 
1.4693877551 1.59183673469 0.158591527684 
1.4693877551 1.63265306122 0.15535999181 
1.4693877551 1.67346938776 0.155504711652 
1.4693877551 1.71428571429 0.156441879353 
1.51020408163 1.59183673469 0.161811814855 
1.51020408163 1.63265306122 0.154626739492 
1.51020408163 1.67346938776 0.151570723717 
1.51020408163 1.71428571429 0.151802218517 
1.51020408163 1.75510204082 0.152803696112 
1.55102040816 1.63265306122 0.157766519483 
1.55102040816 1.67346938776 0.150855355602 
1.55102040816 1.71428571429 0.147961896962 
1.55102040816 1.75510204082 0.148271934365 
1.55102040816 1.79591836735 0.149330884837 
1.59183673469 1.67346938776 0.153918555594 
1.59183673469 1.71428571429 0.147263561421 
1.59183673469 1.75510204082 0.144520922614 
1.59183673469 1.79591836735 0.144902117675 
1.59183673469 1.83673469388 0.146012420729 
1.63265306122 1.71428571429 0.150253828079 
1.63265306122 1.75510204082 0.143838827435 
1.63265306122 1.79591836735 0.141236356191 
1.63265306122 1.83673469388 0.141682070616 
1.63265306122 1.87755102041 0.14283823767 
1.67346938776 1.75510204082 0.146759553008 
1.67346938776 1.79591836735 0.140569763175 
1.67346938776 1.83673469388 0.138097770497 
1.67346938776 1.87755102041 0.138602025602 
1.67346938776 1.91836734694 0.13979912623 
1.71428571429 1.79591836735 0.143424108621 
1.71428571429 1.83673469388 0.13744599066 
1.71428571429 1.87755102041 0.135095645052 
1.71428571429 1.91836734694 0.135653046334 
1.71428571429 1.95918367347 0.136886644434 
1.75510204082 1.83673469388 0.140236906207 
1.75510204082 1.87755102041 0.134458034341 
1.75510204082 1.91836734694 0.132221269625 
1.75510204082 1.95918367347 0.132826941202 
1.75510204082 2 0.134093039445 
1.79591836735 1.87755102041 0.137188277812 
1.79591836735 1.91836734694 0.1315972251 
1.79591836735 1.95918367347 0.129466659841 
1.79591836735 2 0.1301161873 
1.79591836735 2.04081632653 0.131411178656 
1.83673469388 1.91836734694 0.134269378284 
1.83673469388 1.95918367347 0.128855616243 
1.83673469388 2 0.12682448311 
1.83673469388 2.04081632653 0.127513863554 
1.83673469388 2.08163265306 0.128834488879 
1.87755102041 1.91836734694 0.137675351143 
1.87755102041 1.95918367347 0.13147209957 
1.87755102041 2 0.126225909789 
1.87755102041 2.04081632653 0.124287993448 
1.87755102041 2.08163265306 0.12501359172 
1.91836734694 1.91836734694 0.141602720354 
1.91836734694 1.95918367347 0.134807114661 
1.91836734694 2 0.128788995497 
1.91836734694 2.04081632653 0.123701391594 
1.91836734694 2.08163265306 0.121850973968 
1.95918367347 1.91836734694 0.146036592009 
1.95918367347 1.95918367347 0.13865266368 
1.95918367347 2 0.132055949055 
1.95918367347 2.04081632653 0.126213215587 
1.95918367347 2.08163265306 0.121275874111 
2 1.91836734694 0.151012415887 
2 1.95918367347 0.142994163009 
2 2 0.135823017482 
2 2.04081632653 0.129414830074 
2 2.08163265306 0.123738446654 
