0 2 0.46840552391 
0.0408163265306 2 0.459986473319 
0.0816326530612 2 0.451570837742 
0.122448979592 2 0.443156685766 
0.163265306122 2 0.434741424003 
0.204081632653 2 0.426327389152 
0.244897959184 2 0.417912893074 
0.285714285714 1.83354145889 0.409400684461 
0.285714285714 1.83954145889 0.409399212116 
0.285714285714 1.84554145889 0.409397342401 
0.285714285714 1.85154145889 0.409397459627 
0.285714285714 1.85754145889 0.409396813922 
0.285714285714 1.86354145889 0.409397034901 
0.285714285714 1.86954145889 0.409398028608 
0.285714285714 1.87554145889 0.40939906181 
0.285714285714 1.88154145889 0.409400519912 
0.326530612245 1.60378413798 0.39983956572 
0.326530612245 1.60978413798 0.399834433569 
0.326530612245 1.61578413798 0.399830782737 
0.326530612245 1.62178413798 0.399828167999 
0.326530612245 1.62778413798 0.399827248385 
0.326530612245 1.63378413798 0.399826040659 
0.326530612245 1.63978413798 0.399827163935 
0.326530612245 1.64578413798 0.399830294617 
0.326530612245 1.65178413798 0.399834625391 
0.367346938776 1.4831659338 0.389530708187 
0.367346938776 1.4891659338 0.38952418157 
0.367346938776 1.4951659338 0.389519020677 
0.367346938776 1.5011659338 0.389516121262 
0.367346938776 1.5071659338 0.389515712781 
0.367346938776 1.5131659338 0.389517892203 
0.367346938776 1.5191659338 0.389521343412 
0.367346938776 1.5251659338 0.389526824183 
0.367346938776 1.5311659338 0.389534137458 
0.408163265306 1.42327881815 0.378921677301 
0.408163265306 1.42927881815 0.378913848249 
0.408163265306 1.43527881815 0.378907787479 
0.408163265306 1.44127881815 0.378904975787 
0.408163265306 1.44727881815 0.378903846747 
0.408163265306 1.45327881815 0.378904816965 
0.408163265306 1.45927881815 0.378907257643 
0.408163265306 1.46527881815 0.378911766175 
0.408163265306 1.47127881815 0.378917526962 
0.448979591837 1.3632587928 0.368131578215 
0.448979591837 1.3692587928 0.368124718225 
0.448979591837 1.3752587928 0.36812026459 
0.448979591837 1.3812587928 0.368118245277 
0.448979591837 1.3872587928 0.368116957605 
0.448979591837 1.3932587928 0.368119141042 
0.448979591837 1.3992587928 0.368123844128 
0.448979591837 1.4052587928 0.368132318108 
0.448979591837 1.4112587928 0.368143904246 
0.489795918367 1.2697514993 0.357111551191 
0.489795918367 1.2757514993 0.357101322446 
0.489795918367 1.2817514993 0.357094058671 
0.489795918367 1.2877514993 0.357089466119 
0.489795918367 1.2937514993 0.35708856869 
0.489795918367 1.2997514993 0.357088537647 
0.489795918367 1.3057514993 0.357091832054 
0.489795918367 1.3117514993 0.357097782264 
0.489795918367 1.3177514993 0.35710487108 
0.530612244898 1.23504562476 0.345819479811 
0.530612244898 1.24104562476 0.345802790042 
0.530612244898 1.24704562476 0.345792489889 
0.530612244898 1.25304562476 0.345786720658 
0.530612244898 1.25904562476 0.345787117032 
0.530612244898 1.26504562476 0.345796383919 
0.530612244898 1.27104562476 0.345810078938 
0.530612244898 1.27704562476 0.345827568225 
0.530612244898 1.28304562476 0.34584852273 
0.571428571429 1.21805950155 0.334699200854 
0.571428571429 1.22405950155 0.334683166212 
0.571428571429 1.23005950155 0.334671080538 
0.571428571429 1.23605950155 0.334663301023 
0.571428571429 1.24205950155 0.334659832439 
0.571428571429 1.24805950155 0.334661865597 
0.571428571429 1.25405950155 0.334670009818 
0.571428571429 1.26005950155 0.334684950007 
0.571428571429 1.26605950155 0.334705863848 
0.612244897959 1.210651592 0.323893875706 
0.612244897959 1.216651592 0.323849700345 
0.612244897959 1.222651592 0.323818231912 
0.612244897959 1.228651592 0.32380338459 
0.612244897959 1.234651592 0.323797295171 
0.612244897959 1.240651592 0.323798463364 
0.612244897959 1.246651592 0.323806965389 
0.612244897959 1.252651592 0.323821426544 
0.612244897959 1.258651592 0.323845771814 
0.65306122449 1.22408015755 0.31341764027 
0.65306122449 1.23008015755 0.313382565347 
0.65306122449 1.23608015755 0.31335595996 
0.65306122449 1.24208015755 0.313338890557 
0.65306122449 1.24808015755 0.31333053341 
0.65306122449 1.25408015755 0.313332914438 
0.65306122449 1.26008015755 0.313344639755 
0.65306122449 1.26608015755 0.313370359117 
0.65306122449 1.27208015755 0.313410004874 
0.69387755102 1.23350987393 0.303362362596 
0.69387755102 1.23950987393 0.303334855336 
0.69387755102 1.24550987393 0.303314401611 
0.69387755102 1.25150987393 0.303302617347 
0.69387755102 1.25750987393 0.303298612702 
0.69387755102 1.26350987393 0.303302901879 
0.69387755102 1.26950987393 0.303314303022 
0.69387755102 1.27550987393 0.303334158921 
0.69387755102 1.28150987393 0.303362763178 
0.734693877551 1.23755549891 0.293693754878 
0.734693877551 1.24355549891 0.293666905223 
0.734693877551 1.24955549891 0.29364723325 
0.734693877551 1.25555549891 0.293635034007 
0.734693877551 1.26155549891 0.293630581519 
0.734693877551 1.26755549891 0.293633459702 
0.734693877551 1.27355549891 0.293644204872 
0.734693877551 1.27955549891 0.293661728403 
0.734693877551 1.28555549891 0.293686296186 
0.775510204082 1.24083838096 0.284359459449 
0.775510204082 1.24683838096 0.284333479965 
0.775510204082 1.25283838096 0.284315768931 
0.775510204082 1.25883838096 0.284304803538 
0.775510204082 1.26483838096 0.284300911726 
0.775510204082 1.27083838096 0.284303984355 
0.775510204082 1.27683838096 0.28431341704 
0.775510204082 1.28283838096 0.284329780475 
0.775510204082 1.28883838096 0.284351619747 
0.816326530612 1.24640942433 0.275359779106 
0.816326530612 1.25240942433 0.27533376389 
0.816326530612 1.25840942433 0.27531284522 
0.816326530612 1.26440942433 0.275299570427 
0.816326530612 1.27040942433 0.27529354578 
0.816326530612 1.27640942433 0.275295205027 
0.816326530612 1.28240942433 0.275305064893 
0.816326530612 1.28840942433 0.275323527845 
0.816326530612 1.29440942433 0.275348674853 
0.857142857143 1.24965510592 0.266675346637 
0.857142857143 1.25565510592 0.266651411297 
0.857142857143 1.26165510592 0.266634254005 
0.857142857143 1.26765510592 0.266623020017 
0.857142857143 1.27365510592 0.266617605296 
0.857142857143 1.27965510592 0.266618892776 
0.857142857143 1.28565510592 0.266625902887 
0.857142857143 1.29165510592 0.26663861562 
0.857142857143 1.29765510592 0.266657947817 
0.897959183673 1.25011397649 0.258293243561 
0.897959183673 1.25611397649 0.258262897115 
0.897959183673 1.26211397649 0.258243501984 
0.897959183673 1.26811397649 0.25822970887 
0.897959183673 1.27411397649 0.258225226706 
0.897959183673 1.28011397649 0.258226030216 
0.897959183673 1.28611397649 0.258232451042 
0.897959183673 1.29211397649 0.258244330147 
0.897959183673 1.29811397649 0.258262065301 
0.938775510204 1.2693544458 0.250207045779 
0.938775510204 1.2753544458 0.250168970994 
0.938775510204 1.2813544458 0.250142290172 
0.938775510204 1.2873544458 0.250128272348 
0.938775510204 1.2933544458 0.25012813546 
0.938775510204 1.2993544458 0.250142104116 
0.938775510204 1.3053544458 0.250162203393 
0.938775510204 1.3113544458 0.250190032058 
0.938775510204 1.3173544458 0.250224871358 
0.979591836735 1.29117580096 0.242490939987 
0.979591836735 1.29717580096 0.242453981295 
0.979591836735 1.30317580096 0.242428611466 
0.979591836735 1.30917580096 0.242413060846 
0.979591836735 1.31517580096 0.242410531464 
0.979591836735 1.32117580096 0.242418073988 
0.979591836735 1.32717580096 0.242436668974 
0.979591836735 1.33317580096 0.242469442324 
0.979591836735 1.33917580096 0.242515191865 
1.02040816327 1.31670401913 0.235153904235 
1.02040816327 1.32270401913 0.235098031701 
1.02040816327 1.32870401913 0.235066164966 
1.02040816327 1.33470401913 0.235058440054 
1.02040816327 1.34070401913 0.235060749463 
1.02040816327 1.34670401913 0.235072527446 
1.02040816327 1.35270401913 0.235096695284 
1.02040816327 1.35870401913 0.235130631083 
1.02040816327 1.36470401913 0.23517447108 
1.0612244898 1.34534494344 0.228168124546 
1.0612244898 1.35134494344 0.228120592323 
1.0612244898 1.35734494344 0.228084762068 
1.0612244898 1.36334494344 0.228060694007 
1.0612244898 1.36934494344 0.228059843341 
1.0612244898 1.37534494344 0.228082371402 
1.0612244898 1.38134494344 0.228115041096 
1.0612244898 1.38734494344 0.228156022744 
1.0612244898 1.39334494344 0.228208889687 
1.10204081633 1.37114568532 0.221542066992 
1.10204081633 1.37714568532 0.221493456992 
1.10204081633 1.38314568532 0.221461310706 
1.10204081633 1.38914568532 0.221439938801 
1.10204081633 1.39514568532 0.221427966398 
1.10204081633 1.40114568532 0.22142640303 
1.10204081633 1.40714568532 0.221440983609 
1.10204081633 1.41314568532 0.22148242593 
1.10204081633 1.41914568532 0.221536696802 
1.14285714286 1.40012662278 0.21521031075 
1.14285714286 1.40612662278 0.215167753633 
1.14285714286 1.41212662278 0.215137040558 
1.14285714286 1.41812662278 0.215117493225 
1.14285714286 1.42412662278 0.215113144847 
1.14285714286 1.43012662278 0.215119763851 
1.14285714286 1.43612662278 0.215134591391 
1.14285714286 1.44212662278 0.215159684109 
1.14285714286 1.44812662278 0.215200022544 
1.18367346939 1.43306240727 0.209162377351 
1.18367346939 1.43906240727 0.209121720288 
1.18367346939 1.44506240727 0.209102189563 
1.18367346939 1.45106240727 0.209093798914 
1.18367346939 1.45706240727 0.209095168737 
1.18367346939 1.46306240727 0.209112617322 
1.18367346939 1.46906240727 0.209139998251 
1.18367346939 1.47506240727 0.20917577779 
1.18367346939 1.48106240727 0.209221224851 
1.22448979592 1.46199172558 0.203449150764 
1.22448979592 1.46799172558 0.20340220586 
1.22448979592 1.47399172558 0.203369382071 
1.22448979592 1.47999172558 0.203354003657 
1.22448979592 1.48599172558 0.203358391848 
1.22448979592 1.49199172558 0.203373582136 
1.22448979592 1.49799172558 0.203397996645 
1.22448979592 1.50399172558 0.203437985535 
1.22448979592 1.50999172558 0.20348744426 
1.26530612245 1.4915487038 0.197998403064 
1.26530612245 1.4975487038 0.197953216333 
1.26530612245 1.5035487038 0.197920189757 
1.26530612245 1.5095487038 0.197898194602 
1.26530612245 1.5155487038 0.197889503047 
1.26530612245 1.5215487038 0.197898554933 
1.26530612245 1.5275487038 0.197926308385 
1.26530612245 1.5335487038 0.19796273144 
1.26530612245 1.5395487038 0.198010238054 
1.30612244898 1.52584187378 0.192759199738 
1.30612244898 1.53184187378 0.192726240145 
1.30612244898 1.53784187378 0.192702994646 
1.30612244898 1.54384187378 0.19268987669 
1.30612244898 1.54984187378 0.192687309502 
1.30612244898 1.55584187378 0.192697833965 
1.30612244898 1.56184187378 0.192725454147 
1.30612244898 1.56784187378 0.192770362657 
1.30612244898 1.57384187378 0.192825519016 
1.34693877551 1.55575879189 0.18779204289 
1.34693877551 1.56175879189 0.187754417113 
1.34693877551 1.56775879189 0.187734275787 
1.34693877551 1.57375879189 0.187722930252 
1.34693877551 1.57975879189 0.187721129536 
1.34693877551 1.58575879189 0.187728860744 
1.34693877551 1.59175879189 0.187747362815 
1.34693877551 1.59775879189 0.187779299429 
1.34693877551 1.60375879189 0.187827565761 
1.38775510204 1.58698590619 0.183050105738 
1.38775510204 1.59298590619 0.183009764379 
1.38775510204 1.59898590619 0.182982000042 
1.38775510204 1.60498590619 0.18297015755 
1.38775510204 1.61098590619 0.182972072084 
1.38775510204 1.61698590619 0.182982631866 
1.38775510204 1.62298590619 0.183001625596 
1.38775510204 1.62898590619 0.183031258669 
1.38775510204 1.63498590619 0.183071376909 
1.42857142857 1.61812451308 0.178521761091 
1.42857142857 1.62412451308 0.178480572834 
1.42857142857 1.63012451308 0.178450166278 
1.42857142857 1.63612451308 0.178432224028 
1.42857142857 1.64212451308 0.17842693998 
1.42857142857 1.64812451308 0.178438889628 
1.42857142857 1.65412451308 0.1784599234 
1.42857142857 1.66012451308 0.178490059708 
1.42857142857 1.66612451308 0.178528526808 
1.4693877551 1.65155356618 0.174176476676 
1.4693877551 1.65755356618 0.174137289606 
1.4693877551 1.66355356618 0.174109403671 
1.4693877551 1.66955356618 0.174093533731 
1.4693877551 1.67555356618 0.17408842262 
1.4693877551 1.68155356618 0.174096172352 
1.4693877551 1.68755356618 0.174119394107 
1.4693877551 1.69355356618 0.174153456369 
1.4693877551 1.69955356618 0.174195812594 
1.51020408163 1.67995472599 0.170056698178 
1.51020408163 1.68595472599 0.170012263086 
1.51020408163 1.69195472599 0.169977454705 
1.51020408163 1.69795472599 0.169953645506 
1.51020408163 1.70395472599 0.169940308323 
1.51020408163 1.70995472599 0.169938429721 
1.51020408163 1.71595472599 0.169947262449 
1.51020408163 1.72195472599 0.16996896597 
1.51020408163 1.72795472599 0.170004042045 
1.55102040816 1.72179954006 0.166017430758 
1.55102040816 1.72779954006 0.165989458791 
1.55102040816 1.73379954006 0.165971445511 
1.55102040816 1.73979954006 0.165963398665 
1.55102040816 1.74579954006 0.16596616614 
1.55102040816 1.75179954006 0.165979280609 
1.55102040816 1.75779954006 0.166003918112 
1.55102040816 1.76379954006 0.16604013718 
1.55102040816 1.76979954006 0.166090374726 
1.59183673469 1.74714160064 0.16225374008 
1.59183673469 1.75314160064 0.162214901602 
1.59183673469 1.75914160064 0.162185273597 
1.59183673469 1.76514160064 0.162165501451 
1.59183673469 1.77114160064 0.16215541302 
1.59183673469 1.77714160064 0.162154832196 
1.59183673469 1.78314160064 0.162163994255 
1.59183673469 1.78914160064 0.162183998874 
1.59183673469 1.79514160064 0.162214897044 
1.63265306122 1.78769294687 0.158551048458 
1.63265306122 1.79369294687 0.15852510059 
1.63265306122 1.79969294687 0.158508014838 
1.63265306122 1.80569294687 0.158500720374 
1.63265306122 1.81169294687 0.15850245581 
1.63265306122 1.81769294687 0.158513358748 
1.63265306122 1.82369294687 0.15853390924 
1.63265306122 1.82969294687 0.158565228034 
1.63265306122 1.83569294687 0.158606336419 
1.67346938776 1.81832882917 0.155064964976 
1.67346938776 1.82432882917 0.155027495851 
1.67346938776 1.83032882917 0.1550067519 
1.67346938776 1.83632882917 0.154995879573 
1.67346938776 1.84232882917 0.154993343285 
1.67346938776 1.84832882917 0.15499993076 
1.67346938776 1.85432882917 0.155016281407 
1.67346938776 1.86032882917 0.155040791133 
1.67346938776 1.86632882917 0.155074837773 
1.71428571429 1.85103217113 0.15217694443 
1.71428571429 1.85703217113 0.151674349027 
1.71428571429 1.86303217113 0.151641225764 
1.71428571429 1.86903217113 0.151627628128 
1.71428571429 1.87503217113 0.151624531927 
1.71428571429 1.88103217113 0.151629801874 
1.71428571429 1.88703217113 0.151644303683 
1.71428571429 1.89303217113 0.15166691895 
1.71428571429 1.89903217113 0.151698644239 
1.75510204082 1.89108116247 0.148989563105 
1.75510204082 1.89708116247 0.14841602889 
1.75510204082 1.90308116247 0.148392424119 
1.75510204082 1.90908116247 0.148386788471 
1.75510204082 1.91508116247 0.148392815466 
1.75510204082 1.92108116247 0.148407599448 
1.75510204082 1.92708116247 0.148430001629 
1.75510204082 1.93308116247 0.148461307549 
1.75510204082 1.93908116247 0.148501765909 
1.79591836735 1.92797286951 0.146321751433 
1.79591836735 1.93397286951 0.145591961768 
1.79591836735 1.93997286951 0.14528312259 
1.79591836735 1.94597286951 0.145275800626 
1.79591836735 1.95197286951 0.145285302792 
1.79591836735 1.95797286951 0.145303111458 
1.79591836735 1.96397286951 0.145329470797 
1.79591836735 1.96997286951 0.145364062352 
1.79591836735 1.97597286951 0.145407316758 
1.83673469388 1.97183633229 0.142927280828 
1.83673469388 1.97783633229 0.142295663083 
1.83673469388 1.98383633229 0.142288124423 
1.83673469388 1.98983633229 0.142299472628 
1.83673469388 1.99583633229 0.142321798909 
1.83673469388 2.00183633229 0.142352537143 
1.83673469388 2.00783633229 0.142391797304 
1.83673469388 2.01383633229 0.142438621074 
1.83673469388 2.01983633229 0.142493291884 
1.87755102041 2 0.141514933822 
1.91836734694 2 0.143972743005 
1.95918367347 2 0.147124418956 
2 2 0.150727833862 
