0 0.947368421053 2 0.486127575185 
0.105263157895 0.947368421053 2 0.466079330806 
0.210526315789 0.947368421053 1.93939306512 0.444544111523 
0.210526315789 0.947368421053 1.94539306512 0.444389891519 
0.210526315789 0.947368421053 1.95139306512 0.444293907392 
0.210526315789 0.947368421053 1.95739306512 0.444268942123 
0.210526315789 0.947368421053 1.96339306512 0.444284828025 
0.210526315789 0.947368421053 1.96939306512 0.44433284371 
0.210526315789 0.947368421053 1.97539306512 0.444353328072 
0.210526315789 0.947368421053 1.98139306512 0.444313483582 
0.210526315789 0.947368421053 1.98739306512 0.444300199117 
0.315789473684 0.947368421053 2 0.42256801525 
0.421052631579 0.947368421053 2 0.403363965119 
0.526315789474 0.947368421053 1.93567675788 0.384429487998 
0.526315789474 0.947368421053 1.94167675788 0.384205658072 
0.526315789474 0.947368421053 1.94767675788 0.384034769225 
0.526315789474 0.947368421053 1.95367675788 0.38399170912 
0.526315789474 0.947368421053 1.95967675788 0.384065764672 
0.526315789474 0.947368421053 1.96567675788 0.384141995666 
0.526315789474 0.947368421053 1.97167675788 0.38416815815 
0.526315789474 0.947368421053 1.97767675788 0.384188332908 
0.526315789474 0.947368421053 1.98367675788 0.38422294111 
0.631578947368 0.947368421053 2 0.36599130816 
0.736842105263 0.947368421053 1.69017845435 0.344691196079 
0.736842105263 0.947368421053 1.69617845435 0.34421425338 
0.736842105263 0.947368421053 1.70217845435 0.343714867006 
0.736842105263 0.947368421053 1.70817845435 0.343268109109 
0.736842105263 0.947368421053 1.71417845435 0.34305453606 
0.736842105263 0.947368421053 1.72017845435 0.343116580735 
0.736842105263 0.947368421053 1.72617845435 0.343395155719 
0.736842105263 0.947368421053 1.73217845435 0.343674126362 
0.736842105263 0.947368421053 1.73817845435 0.343892311137 
0.842105263158 0.947368421053 1.95647013363 0.325694092083 
0.842105263158 0.947368421053 1.96247013363 0.325532272178 
0.842105263158 0.947368421053 1.96847013363 0.325366006038 
0.842105263158 0.947368421053 1.97447013363 0.325230834269 
0.842105263158 0.947368421053 1.98047013363 0.32515953591 
0.842105263158 0.947368421053 1.98647013363 0.325084695606 
0.842105263158 0.947368421053 1.99247013363 0.325125678771 
0.842105263158 0.947368421053 1.99847013363 0.325272475539 
0.842105263158 0.947368421053 2.00447013363 0.325365659706 
0.947368421053 0.947368421053 1.72205349331 0.305531247154 
0.947368421053 0.947368421053 1.72805349331 0.305319998558 
0.947368421053 0.947368421053 1.73405349331 0.305098830414 
0.947368421053 0.947368421053 1.74005349331 0.30491059909 
0.947368421053 0.947368421053 1.74605349331 0.304686498634 
0.947368421053 0.947368421053 1.75205349331 0.304737839347 
0.947368421053 0.947368421053 1.75805349331 0.304973080042 
0.947368421053 0.947368421053 1.76405349331 0.30526862539 
0.947368421053 0.947368421053 1.77005349331 0.305575383903 
1.05263157895 0.947368421053 2 0.290598243611 
1.15789473684 0.947368421053 1.66276752421 0.269996564159 
1.15789473684 0.947368421053 1.66876752421 0.269979682972 
1.15789473684 0.947368421053 1.67476752421 0.269934725954 
1.15789473684 0.947368421053 1.68076752421 0.269798608823 
1.15789473684 0.947368421053 1.68676752421 0.269638201794 
1.15789473684 0.947368421053 1.69276752421 0.269629537085 
1.15789473684 0.947368421053 1.69876752421 0.269956069709 
1.15789473684 0.947368421053 1.70476752421 0.270351072869 
1.15789473684 0.947368421053 1.71076752421 0.270870533949 
1.26315789474 0.947368421053 1.65770570128 0.253394192424 
1.26315789474 0.947368421053 1.66370570128 0.252955369412 
1.26315789474 0.947368421053 1.66970570128 0.252613900303 
1.26315789474 0.947368421053 1.67570570128 0.252434333836 
1.26315789474 0.947368421053 1.68170570128 0.2523863932 
1.26315789474 0.947368421053 1.68770570128 0.252519792546 
1.26315789474 0.947368421053 1.69370570128 0.252690260531 
1.26315789474 0.947368421053 1.69970570128 0.25283496728 
1.26315789474 0.947368421053 1.70570570128 0.252895858598 
1.36842105263 0.947368421053 1.67995472599 0.23805385859 
1.36842105263 0.947368421053 1.68595472599 0.237849295897 
1.36842105263 0.947368421053 1.69195472599 0.237695820407 
1.36842105263 0.947368421053 1.69795472599 0.237553607303 
1.36842105263 0.947368421053 1.70395472599 0.237371715825 
1.36842105263 0.947368421053 1.70995472599 0.237401185188 
1.36842105263 0.947368421053 1.71595472599 0.237536243158 
1.36842105263 0.947368421053 1.72195472599 0.237658211596 
1.36842105263 0.947368421053 1.72795472599 0.237746256874 
1.47368421053 0.947368421053 1.71832448956 0.223687998165 
1.47368421053 0.947368421053 1.72432448956 0.223662913286 
1.47368421053 0.947368421053 1.73032448956 0.22361192478 
1.47368421053 0.947368421053 1.73632448956 0.223502588861 
1.47368421053 0.947368421053 1.74232448956 0.223499456949 
1.47368421053 0.947368421053 1.74832448956 0.223538911976 
1.47368421053 0.947368421053 1.75432448956 0.22360885265 
1.47368421053 0.947368421053 1.76032448956 0.22376062022 
1.47368421053 0.947368421053 1.76632448956 0.223829052528 
1.57894736842 0.947368421053 1.79799326812 0.21096080073 
1.57894736842 0.947368421053 1.80399326812 0.210749522567 
1.57894736842 0.947368421053 1.80999326812 0.210693531862 
1.57894736842 0.947368421053 1.81599326812 0.210708757418 
1.57894736842 0.947368421053 1.82199326812 0.210764059978 
1.57894736842 0.947368421053 1.82799326812 0.210789691575 
1.57894736842 0.947368421053 1.83399326812 0.210797047626 
1.57894736842 0.947368421053 1.83999326812 0.210749329435 
1.57894736842 0.947368421053 1.84599326812 0.21075743709 
1.68421052632 0.947368421053 1.88930097949 0.199323657028 
1.68421052632 0.947368421053 1.89530097949 0.199344775022 
1.68421052632 0.947368421053 1.90130097949 0.199326133407 
1.68421052632 0.947368421053 1.90730097949 0.199194726046 
1.68421052632 0.947368421053 1.91330097949 0.199091138428 
1.68421052632 0.947368421053 1.91930097949 0.199156737299 
1.68421052632 0.947368421053 1.92530097949 0.199225780695 
1.68421052632 0.947368421053 1.93130097949 0.19929989403 
1.68421052632 0.947368421053 1.93730097949 0.19935532362 
1.78947368421 0.947368421053 1.946143784 0.188702964668 
1.78947368421 0.947368421053 1.952143784 0.188618250957 
1.78947368421 0.947368421053 1.958143784 0.18850019145 
1.78947368421 0.947368421053 1.964143784 0.188392082231 
1.78947368421 0.947368421053 1.970143784 0.188406108617 
1.78947368421 0.947368421053 1.976143784 0.188498583098 
1.78947368421 0.947368421053 1.982143784 0.188585573162 
1.78947368421 0.947368421053 1.988143784 0.188709352363 
1.78947368421 0.947368421053 1.994143784 0.188800923778 
1.89473684211 0.947368421053 2 0.182835375086 
2 0.947368421053 2 0.18721614625 
0 1.01052631579 2 0.492520602248 
0.105263157895 1.01052631579 1.93939306512 0.470025264405 
0.105263157895 1.01052631579 1.94539306512 0.469780441737 
0.105263157895 1.01052631579 1.95139306512 0.469564989163 
0.105263157895 1.01052631579 1.95739306512 0.469443816102 
0.105263157895 1.01052631579 1.96339306512 0.469381275803 
0.105263157895 1.01052631579 1.96939306512 0.469369231525 
0.105263157895 1.01052631579 1.97539306512 0.46940098639 
0.105263157895 1.01052631579 1.98139306512 0.469466385285 
0.105263157895 1.01052631579 1.98739306512 0.469546347339 
0.210526315789 1.01052631579 2 0.448362205922 
0.315789473684 1.01052631579 2 0.430499745179 
0.421052631579 1.01052631579 2 0.409779506711 
0.526315789474 1.01052631579 2 0.390834884135 
0.631578947368 1.01052631579 2 0.372640783486 
0.736842105263 1.01052631579 1.94117049228 0.352069692064 
0.736842105263 1.01052631579 1.94717049228 0.351892974215 
0.736842105263 1.01052631579 1.95317049228 0.3517991132 
0.736842105263 1.01052631579 1.95917049228 0.351726386938 
0.736842105263 1.01052631579 1.96517049228 0.351624147474 
0.736842105263 1.01052631579 1.97117049228 0.351685358531 
0.736842105263 1.01052631579 1.97717049228 0.351901603117 
0.736842105263 1.01052631579 1.98317049228 0.352151778305 
0.736842105263 1.01052631579 1.98917049228 0.352495977018 
0.842105263158 1.01052631579 2 0.335788325529 
0.947368421053 1.01052631579 1.97 0.31471783131 
0.947368421053 1.01052631579 1.976 0.314348606352 
0.947368421053 1.01052631579 1.982 0.313940360671 
0.947368421053 1.01052631579 1.988 0.313830888225 
0.947368421053 1.01052631579 1.994 0.3138559617 
0.947368421053 1.01052631579 2 0.314010334188 
0.947368421053 1.01052631579 2.006 0.31422729424 
0.947368421053 1.01052631579 2.012 0.31446215794 
0.947368421053 1.01052631579 2.018 0.314724675026 
1.05263157895 1.01052631579 1.75209840634 0.2985036763 
1.05263157895 1.01052631579 1.75809840634 0.298288104595 
1.05263157895 1.01052631579 1.76409840634 0.298222040478 
1.05263157895 1.01052631579 1.77009840634 0.298183882508 
1.05263157895 1.01052631579 1.77609840634 0.298137869986 
1.05263157895 1.01052631579 1.78209840634 0.298137122491 
1.05263157895 1.01052631579 1.78809840634 0.298373307899 
1.05263157895 1.01052631579 1.79409840634 0.298692843656 
1.05263157895 1.01052631579 1.80009840634 0.29894664147 
1.15789473684 1.01052631579 2 0.281342870506 
1.26315789474 1.01052631579 1.69528363116 0.263846417512 
1.26315789474 1.01052631579 1.70128363116 0.263667601914 
1.26315789474 1.01052631579 1.70728363116 0.263449915845 
1.26315789474 1.01052631579 1.71328363116 0.263292178038 
1.26315789474 1.01052631579 1.71928363116 0.263189129716 
1.26315789474 1.01052631579 1.72528363116 0.263225309689 
1.26315789474 1.01052631579 1.73128363116 0.263338156713 
1.26315789474 1.01052631579 1.73728363116 0.263408811213 
1.26315789474 1.01052631579 1.74328363116 0.263558481872 
1.36842105263 1.01052631579 1.79375596708 0.248651082445 
1.36842105263 1.01052631579 1.79975596708 0.248453258298 
1.36842105263 1.01052631579 1.80575596708 0.248324844518 
1.36842105263 1.01052631579 1.81175596708 0.248171294871 
1.36842105263 1.01052631579 1.81775596708 0.248063403852 
1.36842105263 1.01052631579 1.82375596708 0.248003711808 
1.36842105263 1.01052631579 1.82975596708 0.248072965332 
1.36842105263 1.01052631579 1.83575596708 0.248226355351 
1.36842105263 1.01052631579 1.84175596708 0.248335009739 
1.47368421053 1.01052631579 1.81440914606 0.23412115145 
1.47368421053 1.01052631579 1.82040914606 0.233894241116 
1.47368421053 1.01052631579 1.82640914606 0.233782858635 
1.47368421053 1.01052631579 1.83240914606 0.233768516318 
1.47368421053 1.01052631579 1.83840914606 0.23372570771 
1.47368421053 1.01052631579 1.84440914606 0.233718121254 
1.47368421053 1.01052631579 1.85040914606 0.233936651613 
1.47368421053 1.01052631579 1.85640914606 0.234134515376 
1.47368421053 1.01052631579 1.86240914606 0.234227310424 
1.57894736842 1.01052631579 1.82987916076 0.220790110787 
1.57894736842 1.01052631579 1.83587916076 0.220685454477 
1.57894736842 1.01052631579 1.84187916076 0.220577435163 
1.57894736842 1.01052631579 1.84787916076 0.220466026735 
1.57894736842 1.01052631579 1.85387916076 0.220445273447 
1.57894736842 1.01052631579 1.85987916076 0.220450750688 
1.57894736842 1.01052631579 1.86587916076 0.220503955063 
1.57894736842 1.01052631579 1.87187916076 0.220543625943 
1.57894736842 1.01052631579 1.87787916076 0.22064333816 
1.68421052632 1.01052631579 1.92743179542 0.208888343701 
1.68421052632 1.01052631579 1.93343179542 0.208795343808 
1.68421052632 1.01052631579 1.93943179542 0.208734267773 
1.68421052632 1.01052631579 1.94543179542 0.208675213248 
1.68421052632 1.01052631579 1.95143179542 0.208605130864 
1.68421052632 1.01052631579 1.95743179542 0.208581051748 
1.68421052632 1.01052631579 1.96343179542 0.208627202746 
1.68421052632 1.01052631579 1.96943179542 0.208693073272 
1.68421052632 1.01052631579 1.97543179542 0.208787692401 
1.78947368421 1.01052631579 1.958036 0.197657418536 
1.78947368421 1.01052631579 1.964036 0.197581965741 
1.78947368421 1.01052631579 1.970036 0.197524063521 
1.78947368421 1.01052631579 1.976036 0.197525877168 
1.78947368421 1.01052631579 1.982036 0.197484661022 
1.78947368421 1.01052631579 1.988036 0.197444911557 
1.78947368421 1.01052631579 1.994036 0.197621814753 
1.78947368421 1.01052631579 2.000036 0.19775614353 
1.78947368421 1.01052631579 2.006036 0.197803703708 
1.89473684211 1.01052631579 2 0.191643942977 
2 1.01052631579 2 0.195659797724 
0 1.07368421053 2 0.495743037097 
0.105263157895 1.07368421053 2 0.474450887101 
0.210526315789 1.07368421053 2 0.457240604808 
0.315789473684 1.07368421053 2 0.438036646093 
0.421052631579 1.07368421053 2 0.416939121784 
0.526315789474 1.07368421053 2 0.398415333437 
0.631578947368 1.07368421053 1.946143784 0.379382879149 
0.631578947368 1.07368421053 1.952143784 0.379024607051 
0.631578947368 1.07368421053 1.958143784 0.378666215143 
0.631578947368 1.07368421053 1.964143784 0.378467272142 
0.631578947368 1.07368421053 1.970143784 0.378567332099 
0.631578947368 1.07368421053 1.976143784 0.378782526875 
0.631578947368 1.07368421053 1.982143784 0.379045285601 
0.631578947368 1.07368421053 1.988143784 0.379283377574 
0.631578947368 1.07368421053 1.994143784 0.379443397221 
0.736842105263 1.07368421053 2 0.361031834418 
0.842105263158 1.07368421053 1.92768296732 0.340869925208 
0.842105263158 1.07368421053 1.93368296732 0.34050968481 
0.842105263158 1.07368421053 1.93968296732 0.340159013009 
0.842105263158 1.07368421053 1.94568296732 0.339957781984 
0.842105263158 1.07368421053 1.95168296732 0.339837563121 
0.842105263158 1.07368421053 1.95768296732 0.339792228276 
0.842105263158 1.07368421053 1.96368296732 0.339898155209 
0.842105263158 1.07368421053 1.96968296732 0.340030332827 
0.842105263158 1.07368421053 1.97568296732 0.340146445296 
0.947368421053 1.07368421053 2 0.324909107683 
1.05263157895 1.07368421053 1.94182102179 0.307031610222 
1.05263157895 1.07368421053 1.94782102179 0.306787921497 
1.05263157895 1.07368421053 1.95382102179 0.306534576332 
1.05263157895 1.07368421053 1.95982102179 0.306445485869 
1.05263157895 1.07368421053 1.96582102179 0.306382646284 
1.05263157895 1.07368421053 1.97182102179 0.30641148253 
1.05263157895 1.07368421053 1.97782102179 0.306551616859 
1.05263157895 1.07368421053 1.98382102179 0.30673756199 
1.05263157895 1.07368421053 1.98982102179 0.306913306858 
1.15789473684 1.07368421053 1.89498888671 0.291095918853 
1.15789473684 1.07368421053 1.90098888671 0.290718044323 
1.15789473684 1.07368421053 1.90698888671 0.290437631739 
1.15789473684 1.07368421053 1.91298888671 0.2902890885 
1.15789473684 1.07368421053 1.91898888671 0.290224537968 
1.15789473684 1.07368421053 1.92498888671 0.29040270731 
1.15789473684 1.07368421053 1.93098888671 0.29066389193 
1.15789473684 1.07368421053 1.93698888671 0.290897972547 
1.15789473684 1.07368421053 1.94298888671 0.291127340165 
1.26315789474 1.07368421053 2 0.275790788214 
1.36842105263 1.07368421053 1.83388291683 0.259309742868 
1.36842105263 1.07368421053 1.83988291683 0.259076948284 
1.36842105263 1.07368421053 1.84588291683 0.258893882231 
1.36842105263 1.07368421053 1.85188291683 0.258766284594 
1.36842105263 1.07368421053 1.85788291683 0.258685089337 
1.36842105263 1.07368421053 1.86388291683 0.258758991479 
1.36842105263 1.07368421053 1.86988291683 0.258947312792 
1.36842105263 1.07368421053 1.87588291683 0.259138114853 
1.36842105263 1.07368421053 1.88188291683 0.259305599138 
1.47368421053 1.07368421053 1.82158424624 0.244910206252 
1.47368421053 1.07368421053 1.82758424624 0.244635182977 
1.47368421053 1.07368421053 1.83358424624 0.244385631784 
1.47368421053 1.07368421053 1.83958424624 0.244258430525 
1.47368421053 1.07368421053 1.84558424624 0.244222137687 
1.47368421053 1.07368421053 1.85158424624 0.24428312784 
1.47368421053 1.07368421053 1.85758424624 0.244358383397 
1.47368421053 1.07368421053 1.86358424624 0.244367129587 
1.47368421053 1.07368421053 1.86958424624 0.244387350919 
1.57894736842 1.07368421053 1.82585516123 0.230655966778 
1.57894736842 1.07368421053 1.83185516123 0.230490154078 
1.57894736842 1.07368421053 1.83785516123 0.230184480032 
1.57894736842 1.07368421053 1.84385516123 0.229990610125 
1.57894736842 1.07368421053 1.84985516123 0.229912309536 
1.57894736842 1.07368421053 1.85585516123 0.229868333591 
1.57894736842 1.07368421053 1.86185516123 0.229988236991 
1.57894736842 1.07368421053 1.86785516123 0.230128837639 
1.57894736842 1.07368421053 1.87385516123 0.230292897433 
1.68421052632 1.07368421053 1.92870725857 0.218098910484 
1.68421052632 1.07368421053 1.93470725857 0.218018658682 
1.68421052632 1.07368421053 1.94070725857 0.217821820842 
1.68421052632 1.07368421053 1.94670725857 0.217600697129 
1.68421052632 1.07368421053 1.95270725857 0.217547936561 
1.68421052632 1.07368421053 1.95870725857 0.217513613566 
1.68421052632 1.07368421053 1.96470725857 0.217608145625 
1.68421052632 1.07368421053 1.97070725857 0.217787197142 
1.68421052632 1.07368421053 1.97670725857 0.217960925507 
1.78947368421 1.07368421053 1.97 0.207234016467 
1.78947368421 1.07368421053 1.976 0.207090902423 
1.78947368421 1.07368421053 1.982 0.206914288173 
1.78947368421 1.07368421053 1.988 0.20685614103 
1.78947368421 1.07368421053 1.994 0.206844009762 
1.78947368421 1.07368421053 2 0.206885698477 
1.78947368421 1.07368421053 2.006 0.206851909713 
1.78947368421 1.07368421053 2.012 0.206792051346 
1.78947368421 1.07368421053 2.018 0.206734948218 
1.89473684211 1.07368421053 2 0.201145729724 
2 1.07368421053 2 0.205179128501 
0 1.13684210526 2 0.500690798529 
0.105263157895 1.13684210526 2 0.4822861961 
0.210526315789 1.13684210526 2 0.462706302666 
0.315789473684 1.13684210526 2 0.442490840049 
0.421052631579 1.13684210526 2 0.424507225037 
0.526315789474 1.13684210526 2 0.405055481907 
0.631578947368 1.13684210526 2 0.384799311308 
0.736842105263 1.13684210526 1.90732981487 0.36834048755 
0.736842105263 1.13684210526 1.91332981487 0.368153466694 
0.736842105263 1.13684210526 1.91932981487 0.367986971915 
0.736842105263 1.13684210526 1.92532981487 0.367976842197 
0.736842105263 1.13684210526 1.93132981487 0.367998393142 
0.736842105263 1.13684210526 1.93732981487 0.368031700598 
0.736842105263 1.13684210526 1.94332981487 0.368112666737 
0.736842105263 1.13684210526 1.94932981487 0.368208229829 
0.736842105263 1.13684210526 1.95532981487 0.368261082017 
0.842105263158 1.13684210526 2 0.349577021498 
0.947368421053 1.13684210526 1.90082652633 0.331824424318 
0.947368421053 1.13684210526 1.90682652633 0.331493526536 
0.947368421053 1.13684210526 1.91282652633 0.331307117893 
0.947368421053 1.13684210526 1.91882652633 0.331188685846 
0.947368421053 1.13684210526 1.92482652633 0.331142563242 
0.947368421053 1.13684210526 1.93082652633 0.331245010464 
0.947368421053 1.13684210526 1.93682652633 0.33138391409 
0.947368421053 1.13684210526 1.94282652633 0.331698752421 
0.947368421053 1.13684210526 1.94882652633 0.332055363142 
1.05263157895 1.13684210526 2 0.31467246804 
1.15789473684 1.13684210526 1.93703811075 0.299677115714 
1.15789473684 1.13684210526 1.94303811075 0.299561357118 
1.15789473684 1.13684210526 1.94903811075 0.299366404799 
1.15789473684 1.13684210526 1.95503811075 0.299289869981 
1.15789473684 1.13684210526 1.96103811075 0.299249514168 
1.15789473684 1.13684210526 1.96703811075 0.299331406792 
1.15789473684 1.13684210526 1.97303811075 0.299512814002 
1.15789473684 1.13684210526 1.97903811075 0.29971041452 
1.15789473684 1.13684210526 1.98503811075 0.299904061929 
1.26315789474 1.13684210526 2 0.284098195193 
1.36842105263 1.13684210526 1.87834479778 0.268730308111 
1.36842105263 1.13684210526 1.88434479778 0.268776696667 
1.36842105263 1.13684210526 1.89034479778 0.268756733072 
1.36842105263 1.13684210526 1.89634479778 0.268700928904 
1.36842105263 1.13684210526 1.90234479778 0.268617161843 
1.36842105263 1.13684210526 1.90834479778 0.268569923269 
1.36842105263 1.13684210526 1.91434479778 0.268677774682 
1.36842105263 1.13684210526 1.92034479778 0.268910807356 
1.36842105263 1.13684210526 1.92634479778 0.269145541795 
1.47368421053 1.13684210526 1.86854861409 0.253671400215 
1.47368421053 1.13684210526 1.87454861409 0.25353460087 
1.47368421053 1.13684210526 1.88054861409 0.253423822253 
1.47368421053 1.13684210526 1.88654861409 0.253330981112 
1.47368421053 1.13684210526 1.89254861409 0.253362070986 
1.47368421053 1.13684210526 1.89854861409 0.253422322453 
1.47368421053 1.13684210526 1.90454861409 0.253568320763 
1.47368421053 1.13684210526 1.91054861409 0.253769683089 
1.47368421053 1.13684210526 1.91654861409 0.253899777221 
1.57894736842 1.13684210526 1.85690760367 0.240398090695 
1.57894736842 1.13684210526 1.86290760367 0.240216191227 
1.57894736842 1.13684210526 1.86890760367 0.240011476901 
1.57894736842 1.13684210526 1.87490760367 0.239798538885 
1.57894736842 1.13684210526 1.88090760367 0.239755329274 
1.57894736842 1.13684210526 1.88690760367 0.239797185704 
1.57894736842 1.13684210526 1.89290760367 0.239864161406 
1.57894736842 1.13684210526 1.89890760367 0.239926466599 
1.57894736842 1.13684210526 1.90490760367 0.240051798727 
1.68421052632 1.13684210526 1.95860579311 0.227620879652 
1.68421052632 1.13684210526 1.96460579311 0.227447136153 
1.68421052632 1.13684210526 1.97060579311 0.227311486048 
1.68421052632 1.13684210526 1.97660579311 0.227145053805 
1.68421052632 1.13684210526 1.98260579311 0.227034675665 
1.68421052632 1.13684210526 1.98860579311 0.227063038751 
1.68421052632 1.13684210526 1.99460579311 0.227170650853 
1.68421052632 1.13684210526 2.00060579311 0.227267785764 
1.68421052632 1.13684210526 2.00660579311 0.227383418142 
1.78947368421 1.13684210526 1.964036 0.216479427875 
1.78947368421 1.13684210526 1.970036 0.216200473937 
1.78947368421 1.13684210526 1.976036 0.216088965011 
1.78947368421 1.13684210526 1.982036 0.216055203157 
1.78947368421 1.13684210526 1.988036 0.216089077973 
1.78947368421 1.13684210526 1.994036 0.216120412829 
1.78947368421 1.13684210526 2.000036 0.216155281361 
1.78947368421 1.13684210526 2.006036 0.216212115454 
1.78947368421 1.13684210526 2.012036 0.216220864834 
1.89473684211 1.13684210526 2 0.209915257482 
2 1.13684210526 2 0.214315517253 
0 1.2 2 0.50883283187 
0.105263157895 1.2 2 0.489527004387 
0.210526315789 1.2 2 0.468155735828 
0.315789473684 1.2 2 0.451935883907 
0.421052631579 1.2 2 0.432699339969 
0.526315789474 1.2 2 0.411332200446 
0.631578947368 1.2 2 0.396458776531 
0.736842105263 1.2 1.95983633229 0.373901457626 
0.736842105263 1.2 1.96583633229 0.373562216066 
0.736842105263 1.2 1.97183633229 0.373327451089 
0.736842105263 1.2 1.97783633229 0.373224692798 
0.736842105263 1.2 1.98383633229 0.373241744545 
0.736842105263 1.2 1.98983633229 0.373312872403 
0.736842105263 1.2 1.99583633229 0.37339528679 
0.736842105263 1.2 2.00183633229 0.373509912365 
0.736842105263 1.2 2.00783633229 0.373680148797 
0.842105263158 1.2 2 0.35932881999 
0.947368421053 1.2 1.93368296732 0.341280908479 
0.947368421053 1.2 1.93968296732 0.340988296652 
0.947368421053 1.2 1.94568296732 0.340742597138 
0.947368421053 1.2 1.95168296732 0.340569845087 
0.947368421053 1.2 1.95768296732 0.340547276025 
0.947368421053 1.2 1.96368296732 0.340583668892 
0.947368421053 1.2 1.96968296732 0.34065320433 
0.947368421053 1.2 1.97568296732 0.340820177249 
0.947368421053 1.2 1.98168296732 0.341036205042 
1.05263157895 1.2 2 0.325337330501 
1.15789473684 1.2 2 0.308183264276 
1.26315789474 1.2 2 0.293111890379 
1.36842105263 1.2 1.898036 0.277559372253 
1.36842105263 1.2 1.904036 0.277402641602 
1.36842105263 1.2 1.910036 0.277325073959 
1.36842105263 1.2 1.916036 0.277310740732 
1.36842105263 1.2 1.922036 0.277383330298 
1.36842105263 1.2 1.928036 0.277446709852 
1.36842105263 1.2 1.934036 0.277514239226 
1.36842105263 1.2 1.940036 0.27761165628 
1.36842105263 1.2 1.946036 0.2777475973 
1.47368421053 1.2 2 0.263069552243 
1.57894736842 1.2 2 0.248790179491 
1.68421052632 1.2 2 0.236614006557 
1.78947368421 1.2 2 0.225593389175 
1.89473684211 1.2 2 0.219222809846 
2 1.2 2 0.222968234178 
