-0.5 0 1.91836734694 0.556159880555 
-0.5 0 1.95918367347 0.553412424555 
-0.5 0 2 0.550774731364 
-0.5 0 2.04081632653 0.548233165382 
-0.5 0 2.08163265306 0.545724803793 
-0.5 0.0631578947368 1.91836734694 0.557202238731 
-0.5 0.0631578947368 1.95918367347 0.554385511272 
-0.5 0.0631578947368 2 0.55177772158 
-0.5 0.0631578947368 2.04081632653 0.549237125185 
-0.5 0.0631578947368 2.08163265306 0.546749995508 
-0.5 0.126315789474 1.91836734694 0.559172718899 
-0.5 0.126315789474 1.95918367347 0.556356605147 
-0.5 0.126315789474 2 0.553632997248 
-0.5 0.126315789474 2.04081632653 0.551007229044 
-0.5 0.126315789474 2.08163265306 0.548521764659 
-0.5 0.189473684211 1.91836734694 0.561282990271 
-0.5 0.189473684211 1.95918367347 0.558382880151 
-0.5 0.189473684211 2 0.555623444353 
-0.5 0.189473684211 2.04081632653 0.552950149166 
-0.5 0.189473684211 2.08163265306 0.55043885934 
-0.5 0.252631578947 1.91836734694 0.563330106658 
-0.5 0.252631578947 1.95918367347 0.560413363788 
-0.5 0.252631578947 2 0.557582810035 
-0.5 0.252631578947 2.04081632653 0.554859353417 
-0.5 0.252631578947 2.08163265306 0.552319996522 
-0.5 0.315789473684 1.91836734694 0.565750452901 
-0.5 0.315789473684 1.95918367347 0.562730169138 
-0.5 0.315789473684 2 0.559816586594 
-0.5 0.315789473684 2.04081632653 0.557098033115 
-0.5 0.315789473684 2.08163265306 0.554480229763 
-0.5 0.378947368421 1.91836734694 0.568601151525 
-0.5 0.378947368421 1.95918367347 0.565561768359 
-0.5 0.378947368421 2 0.562611149374 
-0.5 0.378947368421 2.04081632653 0.559780064497 
-0.5 0.378947368421 2.08163265306 0.557051251195 
-0.5 0.442105263158 1.91836734694 0.571522684479 
-0.5 0.442105263158 1.95918367347 0.568423931058 
-0.5 0.442105263158 2 0.565413044786 
-0.5 0.442105263158 2.04081632653 0.562525151237 
-0.5 0.442105263158 2.08163265306 0.559802017277 
-0.5 0.505263157895 1.91836734694 0.574527046391 
-0.5 0.505263157895 1.95918367347 0.571325020725 
-0.5 0.505263157895 2 0.568277362213 
-0.5 0.505263157895 2.04081632653 0.565375825965 
-0.5 0.505263157895 2.08163265306 0.562528222446 
-0.5 0.568421052632 1.91836734694 0.577543433818 
-0.5 0.568421052632 1.95918367347 0.574310806966 
-0.5 0.568421052632 2 0.571210067737 
-0.5 0.568421052632 2.04081632653 0.568245725236 
-0.5 0.568421052632 2.08163265306 0.565383110424 
-0.368421052632 0 1.91836734694 0.527095642283 
-0.368421052632 0 1.95918367347 0.524754431789 
-0.368421052632 0 2 0.522797606602 
-0.368421052632 0 2.04081632653 0.520863698195 
-0.368421052632 0 2.08163265306 0.51879494093 
-0.368421052632 0.0631578947368 1.91836734694 0.52814663368 
-0.368421052632 0.0631578947368 1.95918367347 0.526004245808 
-0.368421052632 0.0631578947368 2 0.523857607357 
-0.368421052632 0.0631578947368 2.04081632653 0.521845105976 
-0.368421052632 0.0631578947368 2.08163265306 0.519900074033 
-0.368421052632 0.126315789474 1.91836734694 0.530154463828 
-0.368421052632 0.126315789474 1.95918367347 0.527967437814 
-0.368421052632 0.126315789474 2 0.525746262251 
-0.368421052632 0.126315789474 2.04081632653 0.523737135466 
-0.368421052632 0.126315789474 2.08163265306 0.521760234471 
-0.368421052632 0.189473684211 1.91836734694 0.532230989312 
-0.368421052632 0.189473684211 1.95918367347 0.529980942689 
-0.368421052632 0.189473684211 2 0.52779177315 
-0.368421052632 0.189473684211 2.04081632653 0.525696751043 
-0.368421052632 0.189473684211 2.08163265306 0.523655605862 
-0.368421052632 0.252631578947 1.91836734694 0.534367660552 
-0.368421052632 0.252631578947 1.95918367347 0.532040261379 
-0.368421052632 0.252631578947 2 0.529805662227 
-0.368421052632 0.252631578947 2.04081632653 0.527632725337 
-0.368421052632 0.252631578947 2.08163265306 0.525601473873 
-0.368421052632 0.315789473684 1.91836734694 0.536884507032 
-0.368421052632 0.315789473684 1.95918367347 0.534470848402 
-0.368421052632 0.315789473684 2 0.532136075977 
-0.368421052632 0.315789473684 2.04081632653 0.529922482335 
-0.368421052632 0.315789473684 2.08163265306 0.527774229502 
-0.368421052632 0.378947368421 1.91836734694 0.539748508017 
-0.368421052632 0.378947368421 1.95918367347 0.537256432538 
-0.368421052632 0.378947368421 2 0.534882007115 
-0.368421052632 0.378947368421 2.04081632653 0.532588831167 
-0.368421052632 0.378947368421 2.08163265306 0.530414708905 
-0.368421052632 0.442105263158 1.91836734694 0.542624407809 
-0.368421052632 0.442105263158 1.95918367347 0.540115725307 
-0.368421052632 0.442105263158 2 0.537688629966 
-0.368421052632 0.442105263158 2.04081632653 0.53537779916 
-0.368421052632 0.442105263158 2.08163265306 0.533130362989 
-0.368421052632 0.505263157895 1.91836734694 0.545627766718 
-0.368421052632 0.505263157895 1.95918367347 0.542996234089 
-0.368421052632 0.505263157895 2 0.540550528554 
-0.368421052632 0.505263157895 2.04081632653 0.538147102035 
-0.368421052632 0.505263157895 2.08163265306 0.53588589462 
-0.368421052632 0.568421052632 1.91836734694 0.548674300411 
-0.368421052632 0.568421052632 1.95918367347 0.546017913172 
-0.368421052632 0.568421052632 2 0.543452242041 
-0.368421052632 0.568421052632 2.04081632653 0.541010021354 
-0.368421052632 0.568421052632 2.08163265306 0.538686409268 
-0.236842105263 0 1.91836734694 0.498036402567 
-0.236842105263 0 1.95918367347 0.496405387243 
-0.236842105263 0 2 0.494931473105 
-0.236842105263 0 2.04081632653 0.493361040836 
-0.236842105263 0 2.08163265306 0.492111045903 
-0.236842105263 0.0631578947368 1.91836734694 0.499176233692 
-0.236842105263 0.0631578947368 1.95918367347 0.497614757671 
-0.236842105263 0.0631578947368 2 0.496075417338 
-0.236842105263 0.0631578947368 2.04081632653 0.49455739691 
-0.236842105263 0.0631578947368 2.08163265306 0.493156294446 
-0.236842105263 0.126315789474 1.91836734694 0.501217422333 
-0.236842105263 0.126315789474 1.95918367347 0.499552825538 
-0.236842105263 0.126315789474 2 0.498012623959 
-0.236842105263 0.126315789474 2.04081632653 0.496449343286 
-0.236842105263 0.126315789474 2.08163265306 0.495043452359 
-0.236842105263 0.189473684211 1.91836734694 0.503277179192 
-0.236842105263 0.189473684211 1.95918367347 0.501613468111 
-0.236842105263 0.189473684211 2 0.499969168852 
-0.236842105263 0.189473684211 2.04081632653 0.498395192298 
-0.236842105263 0.189473684211 2.08163265306 0.496949654305 
-0.236842105263 0.252631578947 1.91836734694 0.505464443208 
-0.236842105263 0.252631578947 1.95918367347 0.503726430958 
-0.236842105263 0.252631578947 2 0.502048543053 
-0.236842105263 0.252631578947 2.04081632653 0.500469305032 
-0.236842105263 0.252631578947 2.08163265306 0.498923821029 
-0.236842105263 0.315789473684 1.91836734694 0.508062305388 
-0.236842105263 0.315789473684 1.95918367347 0.506227309938 
-0.236842105263 0.315789473684 2 0.504485885367 
-0.236842105263 0.315789473684 2.04081632653 0.502791591957 
-0.236842105263 0.315789473684 2.08163265306 0.501165470763 
-0.236842105263 0.378947368421 1.91836734694 0.510915464127 
-0.236842105263 0.378947368421 1.95918367347 0.509007414937 
-0.236842105263 0.378947368421 2 0.507206144872 
-0.236842105263 0.378947368421 2.04081632653 0.505465195344 
-0.236842105263 0.378947368421 2.08163265306 0.503795672023 
-0.236842105263 0.442105263158 1.91836734694 0.513779856971 
-0.236842105263 0.442105263158 1.95918367347 0.511835387205 
-0.236842105263 0.442105263158 2 0.509961842053 
-0.236842105263 0.442105263158 2.04081632653 0.508209982614 
-0.236842105263 0.442105263158 2.08163265306 0.506476934055 
-0.236842105263 0.505263157895 1.91836734694 0.516726561109 
-0.236842105263 0.505263157895 1.95918367347 0.514740612544 
-0.236842105263 0.505263157895 2 0.512833748892 
-0.236842105263 0.505263157895 2.04081632653 0.510979476552 
-0.236842105263 0.505263157895 2.08163265306 0.509216350754 
-0.236842105263 0.568421052632 1.91836734694 0.519942666042 
-0.236842105263 0.568421052632 1.95918367347 0.517811323497 
-0.236842105263 0.568421052632 2 0.515794866388 
-0.236842105263 0.568421052632 2.04081632653 0.513861845732 
-0.236842105263 0.568421052632 2.08163265306 0.512054572396 
-0.105263157895 0 1.91836734694 0.468947552078 
-0.105263157895 0 1.95918367347 0.468029649574 
-0.105263157895 0 2 0.466937928026 
-0.105263157895 0 2.04081632653 0.466146832425 
-0.105263157895 0 2.08163265306 0.465422179828 
-0.105263157895 0.0631578947368 1.91836734694 0.470230379332 
-0.105263157895 0.0631578947368 1.95918367347 0.469244070838 
-0.105263157895 0.0631578947368 2 0.468221952613 
-0.105263157895 0.0631578947368 2.04081632653 0.467320476746 
-0.105263157895 0.0631578947368 2.08163265306 0.466477340157 
-0.105263157895 0.126315789474 1.91836734694 0.47231068024 
-0.105263157895 0.126315789474 1.95918367347 0.471218908011 
-0.105263157895 0.126315789474 2 0.470241013862 
-0.105263157895 0.126315789474 2.04081632653 0.469261373338 
-0.105263157895 0.126315789474 2.08163265306 0.468337864364 
-0.105263157895 0.189473684211 1.91836734694 0.47437738637 
-0.105263157895 0.189473684211 1.95918367347 0.473257862818 
-0.105263157895 0.189473684211 2 0.472205268043 
-0.105263157895 0.189473684211 2.04081632653 0.471214434889 
-0.105263157895 0.189473684211 2.08163265306 0.470230947032 
-0.105263157895 0.252631578947 1.91836734694 0.47663762382 
-0.105263157895 0.252631578947 1.95918367347 0.475462917667 
-0.105263157895 0.252631578947 2 0.474326847297 
-0.105263157895 0.252631578947 2.04081632653 0.473279474633 
-0.105263157895 0.252631578947 2.08163265306 0.472259853862 
-0.105263157895 0.315789473684 1.91836734694 0.479325286695 
-0.105263157895 0.315789473684 1.95918367347 0.478052806637 
-0.105263157895 0.315789473684 2 0.476857697243 
-0.105263157895 0.315789473684 2.04081632653 0.475719262337 
-0.105263157895 0.315789473684 2.08163265306 0.474617459722 
-0.105263157895 0.378947368421 1.91836734694 0.482092831447 
-0.105263157895 0.378947368421 1.95918367347 0.480792198578 
-0.105263157895 0.378947368421 2 0.479564644025 
-0.105263157895 0.378947368421 2.04081632653 0.478361612827 
-0.105263157895 0.378947368421 2.08163265306 0.477235365473 
-0.105263157895 0.442105263158 1.91836734694 0.485002111074 
-0.105263157895 0.442105263158 1.95918367347 0.483621425988 
-0.105263157895 0.442105263158 2 0.482310475643 
-0.105263157895 0.442105263158 2.04081632653 0.48107219474 
-0.105263157895 0.442105263158 2.08163265306 0.479882137026 
-0.105263157895 0.505263157895 1.91836734694 0.487941724793 
-0.105263157895 0.505263157895 1.95918367347 0.486499268867 
-0.105263157895 0.505263157895 2 0.485143518551 
-0.105263157895 0.505263157895 2.04081632653 0.483856972434 
-0.105263157895 0.505263157895 2.08163265306 0.482594917333 
-0.105263157895 0.568421052632 1.91836734694 0.491409005003 
-0.105263157895 0.568421052632 1.95918367347 0.489830427311 
-0.105263157895 0.568421052632 2 0.488324509072 
-0.105263157895 0.568421052632 2.04081632653 0.486870925881 
-0.105263157895 0.568421052632 2.08163265306 0.485534928581 
0.0263157894737 0 1.91836734694 0.439905051878 
0.0263157894737 0 1.95918367347 0.439667050857 
0.0263157894737 0 2 0.439189297466 
0.0263157894737 0 2.04081632653 0.438941519345 
0.0263157894737 0 2.08163265306 0.438509749727 
0.0263157894737 0.0631578947368 1.91836734694 0.441312406197 
0.0263157894737 0.0631578947368 1.95918367347 0.44087485374 
0.0263157894737 0.0631578947368 2 0.440468615417 
0.0263157894737 0.0631578947368 2.04081632653 0.44010600946 
0.0263157894737 0.0631578947368 2.08163265306 0.439798523674 
0.0263157894737 0.126315789474 1.91836734694 0.443437951485 
0.0263157894737 0.126315789474 1.95918367347 0.442994642657 
0.0263157894737 0.126315789474 2 0.442472420922 
0.0263157894737 0.126315789474 2.04081632653 0.442118302451 
0.0263157894737 0.126315789474 2.08163265306 0.441669463227 
0.0263157894737 0.189473684211 1.91836734694 0.445538748416 
0.0263157894737 0.189473684211 1.95918367347 0.445009881743 
0.0263157894737 0.189473684211 2 0.444527112554 
0.0263157894737 0.189473684211 2.04081632653 0.444036546283 
0.0263157894737 0.189473684211 2.08163265306 0.443578671364 
0.0263157894737 0.252631578947 1.91836734694 0.447862284238 
0.0263157894737 0.252631578947 1.95918367347 0.447272097451 
0.0263157894737 0.252631578947 2 0.44670568955 
0.0263157894737 0.252631578947 2.04081632653 0.446177376523 
0.0263157894737 0.252631578947 2.08163265306 0.445639843459 
0.0263157894737 0.315789473684 1.91836734694 0.450558807104 
0.0263157894737 0.315789473684 1.95918367347 0.44988271005 
0.0263157894737 0.315789473684 2 0.44927185134 
0.0263157894737 0.315789473684 2.04081632653 0.448673394169 
0.0263157894737 0.315789473684 2.08163265306 0.448116538563 
0.0263157894737 0.378947368421 1.91836734694 0.453334293213 
0.0263157894737 0.378947368421 1.95918367347 0.452630171172 
0.0263157894737 0.378947368421 2 0.45196314006 
0.0263157894737 0.378947368421 2.04081632653 0.451308989723 
0.0263157894737 0.378947368421 2.08163265306 0.450687121441 
0.0263157894737 0.442105263158 1.91836734694 0.456220554712 
0.0263157894737 0.442105263158 1.95918367347 0.4554438612 
0.0263157894737 0.442105263158 2 0.454711767628 
0.0263157894737 0.442105263158 2.04081632653 0.453996666891 
0.0263157894737 0.442105263158 2.08163265306 0.453305125161 
0.0263157894737 0.505263157895 1.91836734694 0.459315358532 
0.0263157894737 0.505263157895 1.95918367347 0.458412780712 
0.0263157894737 0.505263157895 2 0.457570600587 
0.0263157894737 0.505263157895 2.04081632653 0.456779738336 
0.0263157894737 0.505263157895 2.08163265306 0.45603403999 
0.0263157894737 0.568421052632 1.91836734694 0.463091993609 
0.0263157894737 0.568421052632 1.95918367347 0.462036236446 
0.0263157894737 0.568421052632 2 0.461020218522 
0.0263157894737 0.568421052632 2.04081632653 0.460067847773 
0.0263157894737 0.568421052632 2.08163265306 0.459179555669 
0.157894736842 0 0.775510204082 0.407887947039 
0.157894736842 0 0.816326530612 0.407269263077 
0.157894736842 0 0.857142857143 0.407079923055 
0.157894736842 0 0.897959183673 0.407095659158 
0.157894736842 0 0.938775510204 0.407282636246 
0.157894736842 0.0631578947368 0.897959183673 0.411131537875 
0.157894736842 0.0631578947368 0.938775510204 0.411008604885 
0.157894736842 0.0631578947368 0.979591836735 0.411003593459 
0.157894736842 0.0631578947368 1.02040816327 0.411080112276 
0.157894736842 0.0631578947368 1.0612244898 0.411142132085 
0.157894736842 0.126315789474 0.857142857143 0.41290110607 
0.157894736842 0.126315789474 0.897959183673 0.412462064194 
0.157894736842 0.126315789474 0.938775510204 0.412352992571 
0.157894736842 0.126315789474 0.979591836735 0.41259667658 
0.157894736842 0.126315789474 1.02040816327 0.41291535385 
0.157894736842 0.189473684211 0.857142857143 0.414624499992 
0.157894736842 0.189473684211 0.897959183673 0.413622003811 
0.157894736842 0.189473684211 0.938775510204 0.413320003339 
0.157894736842 0.189473684211 0.979591836735 0.413496248991 
0.157894736842 0.189473684211 1.02040816327 0.413852070018 
0.157894736842 0.252631578947 1.10204081633 0.418257271292 
0.157894736842 0.252631578947 1.14285714286 0.418205130226 
0.157894736842 0.252631578947 1.18367346939 0.41817432014 
0.157894736842 0.252631578947 1.22448979592 0.41819281935 
0.157894736842 0.252631578947 1.26530612245 0.418317462035 
0.157894736842 0.315789473684 1.91836734694 0.421756771835 
0.157894736842 0.315789473684 1.95918367347 0.42172240724 
0.157894736842 0.315789473684 2 0.421703335043 
0.157894736842 0.315789473684 2.04081632653 0.421634419243 
0.157894736842 0.315789473684 2.08163265306 0.421600686444 
0.157894736842 0.378947368421 1.91836734694 0.424544569992 
0.157894736842 0.378947368421 1.95918367347 0.424457178484 
0.157894736842 0.378947368421 2 0.42435374785 
0.157894736842 0.378947368421 2.04081632653 0.424243757873 
0.157894736842 0.378947368421 2.08163265306 0.424160348991 
0.157894736842 0.442105263158 1.91836734694 0.427568902736 
0.157894736842 0.442105263158 1.95918367347 0.427383523464 
0.157894736842 0.442105263158 2 0.427175232874 
0.157894736842 0.442105263158 2.04081632653 0.426967477758 
0.157894736842 0.442105263158 2.08163265306 0.426806103629 
0.157894736842 0.505263157895 1.91836734694 0.43094951802 
0.157894736842 0.505263157895 1.95918367347 0.430597322843 
0.157894736842 0.505263157895 2 0.430236445043 
0.157894736842 0.505263157895 2.04081632653 0.429933813874 
0.157894736842 0.505263157895 2.08163265306 0.429629998759 
0.157894736842 0.568421052632 1.91836734694 0.434850244898 
0.157894736842 0.568421052632 1.95918367347 0.434376595085 
0.157894736842 0.568421052632 2 0.433890073259 
0.157894736842 0.568421052632 2.04081632653 0.433450944645 
0.157894736842 0.568421052632 2.08163265306 0.433029882644 
0.289473684211 0 0.734693877551 0.349298501919 
0.289473684211 0 0.775510204082 0.347183482315 
0.289473684211 0 0.816326530612 0.346208779541 
0.289473684211 0 0.857142857143 0.346909772625 
0.289473684211 0 0.897959183673 0.348467410998 
0.289473684211 0.0631578947368 0.734693877551 0.3556372408 
0.289473684211 0.0631578947368 0.775510204082 0.353196890431 
0.289473684211 0.0631578947368 0.816326530612 0.352413534484 
0.289473684211 0.0631578947368 0.857142857143 0.352593941799 
0.289473684211 0.0631578947368 0.897959183673 0.353398573482 
0.289473684211 0.126315789474 0.775510204082 0.356800589895 
0.289473684211 0.126315789474 0.816326530612 0.355377383925 
0.289473684211 0.126315789474 0.857142857143 0.354938648647 
0.289473684211 0.126315789474 0.897959183673 0.355045365152 
0.289473684211 0.126315789474 0.938775510204 0.356079865465 
0.289473684211 0.189473684211 0.857142857143 0.35931922557 
0.289473684211 0.189473684211 0.897959183673 0.358628247263 
0.289473684211 0.189473684211 0.938775510204 0.358540074318 
0.289473684211 0.189473684211 0.979591836735 0.359224421719 
0.289473684211 0.189473684211 1.02040816327 0.360444384521 
0.289473684211 0.252631578947 0.897959183673 0.368284985152 
0.289473684211 0.252631578947 0.938775510204 0.367186569169 
0.289473684211 0.252631578947 0.979591836735 0.366811225397 
0.289473684211 0.252631578947 1.02040816327 0.367018657052 
0.289473684211 0.252631578947 1.0612244898 0.367708159205 
0.289473684211 0.315789473684 0.979591836735 0.378353445127 
0.289473684211 0.315789473684 1.02040816327 0.377819707406 
0.289473684211 0.315789473684 1.0612244898 0.37768482321 
0.289473684211 0.315789473684 1.10204081633 0.377795148769 
0.289473684211 0.315789473684 1.14285714286 0.378273950447 
0.289473684211 0.378947368421 1.10204081633 0.386691835008 
0.289473684211 0.378947368421 1.14285714286 0.386475733181 
0.289473684211 0.378947368421 1.18367346939 0.386429517862 
0.289473684211 0.378947368421 1.22448979592 0.386596584998 
0.289473684211 0.378947368421 1.26530612245 0.386999917801 
0.289473684211 0.442105263158 1.22448979592 0.394327990419 
0.289473684211 0.442105263158 1.26530612245 0.394141669775 
0.289473684211 0.442105263158 1.30612244898 0.39405957237 
0.289473684211 0.442105263158 1.34693877551 0.394122950533 
0.289473684211 0.442105263158 1.38775510204 0.394287474448 
0.289473684211 0.505263157895 1.34693877551 0.400732997234 
0.289473684211 0.505263157895 1.38775510204 0.400553456445 
0.289473684211 0.505263157895 1.42857142857 0.400441184993 
0.289473684211 0.505263157895 1.4693877551 0.400462167509 
0.289473684211 0.505263157895 1.51020408163 0.400552867871 
0.289473684211 0.568421052632 1.59183673469 0.406170391494 
0.289473684211 0.568421052632 1.63265306122 0.406135926341 
0.289473684211 0.568421052632 1.67346938776 0.406120326694 
0.289473684211 0.568421052632 1.71428571429 0.406159590425 
0.289473684211 0.568421052632 1.75510204082 0.406219877767 
0.421052631579 0 0.734693877551 0.297768495909 
0.421052631579 0 0.775510204082 0.296374680662 
0.421052631579 0 0.816326530612 0.295987706036 
0.421052631579 0 0.857142857143 0.296139069117 
0.421052631579 0 0.897959183673 0.296675362007 
0.421052631579 0.0631578947368 0.734693877551 0.303193428107 
0.421052631579 0.0631578947368 0.775510204082 0.301810411513 
0.421052631579 0.0631578947368 0.816326530612 0.301544772447 
0.421052631579 0.0631578947368 0.857142857143 0.301602975048 
0.421052631579 0.0631578947368 0.897959183673 0.301827865243 
0.421052631579 0.126315789474 0.734693877551 0.307128095483 
0.421052631579 0.126315789474 0.775510204082 0.305309688267 
0.421052631579 0.126315789474 0.816326530612 0.3046901937 
0.421052631579 0.126315789474 0.857142857143 0.304697388363 
0.421052631579 0.126315789474 0.897959183673 0.304951886476 
0.421052631579 0.189473684211 0.816326530612 0.310921458665 
0.421052631579 0.189473684211 0.857142857143 0.310031661379 
0.421052631579 0.189473684211 0.897959183673 0.309791844226 
0.421052631579 0.189473684211 0.938775510204 0.310282030038 
0.421052631579 0.189473684211 0.979591836735 0.311237198638 
0.421052631579 0.252631578947 0.816326530612 0.321341427114 
0.421052631579 0.252631578947 0.857142857143 0.320387797286 
0.421052631579 0.252631578947 0.897959183673 0.319820486693 
0.421052631579 0.252631578947 0.938775510204 0.319901913136 
0.421052631579 0.252631578947 0.979591836735 0.320361069063 
0.421052631579 0.315789473684 0.816326530612 0.33217235934 
0.421052631579 0.315789473684 0.857142857143 0.331221136807 
0.421052631579 0.315789473684 0.897959183673 0.330971584128 
0.421052631579 0.315789473684 0.938775510204 0.331093971885 
0.421052631579 0.315789473684 0.979591836735 0.331490423888 
0.421052631579 0.378947368421 0.857142857143 0.341523367556 
0.421052631579 0.378947368421 0.897959183673 0.340839650684 
0.421052631579 0.378947368421 0.938775510204 0.340807790869 
0.421052631579 0.378947368421 0.979591836735 0.341221701685 
0.421052631579 0.378947368421 1.02040816327 0.341607745007 
0.421052631579 0.442105263158 0.897959183673 0.351278728796 
0.421052631579 0.442105263158 0.938775510204 0.350555862631 
0.421052631579 0.442105263158 0.979591836735 0.350447739067 
0.421052631579 0.442105263158 1.02040816327 0.350569209268 
0.421052631579 0.442105263158 1.0612244898 0.350781496022 
0.421052631579 0.505263157895 1.0612244898 0.361376983746 
0.421052631579 0.505263157895 1.10204081633 0.361011146982 
0.421052631579 0.505263157895 1.14285714286 0.360889327563 
0.421052631579 0.505263157895 1.18367346939 0.361016430805 
0.421052631579 0.505263157895 1.22448979592 0.361356199304 
0.421052631579 0.568421052632 1.22448979592 0.371412839401 
0.421052631579 0.568421052632 1.26530612245 0.371117472986 
0.421052631579 0.568421052632 1.30612244898 0.370973634364 
0.421052631579 0.568421052632 1.34693877551 0.371008895728 
0.421052631579 0.568421052632 1.38775510204 0.371132802717 
0.552631578947 0 0.775510204082 0.256063622974 
0.552631578947 0 0.816326530612 0.253334613544 
0.552631578947 0 0.857142857143 0.252432030934 
0.552631578947 0 0.897959183673 0.253110165195 
0.552631578947 0 0.938775510204 0.254467267925 
0.552631578947 0.0631578947368 0.775510204082 0.26005411929 
0.552631578947 0.0631578947368 0.816326530612 0.257697175427 
0.552631578947 0.0631578947368 0.857142857143 0.257025521361 
0.552631578947 0.0631578947368 0.897959183673 0.257745899323 
0.552631578947 0.0631578947368 0.938775510204 0.259273390536 
0.552631578947 0.126315789474 0.775510204082 0.264575757893 
0.552631578947 0.126315789474 0.816326530612 0.261655652135 
0.552631578947 0.126315789474 0.857142857143 0.260507025998 
0.552631578947 0.126315789474 0.897959183673 0.26080119552 
0.552631578947 0.126315789474 0.938775510204 0.26204077079 
0.552631578947 0.189473684211 0.816326530612 0.268521733855 
0.552631578947 0.189473684211 0.857142857143 0.267298869286 
0.552631578947 0.189473684211 0.897959183673 0.267173296672 
0.552631578947 0.189473684211 0.938775510204 0.267598911331 
0.552631578947 0.189473684211 0.979591836735 0.26851745601 
0.552631578947 0.252631578947 0.775510204082 0.278685538029 
0.552631578947 0.252631578947 0.816326530612 0.275977737008 
0.552631578947 0.252631578947 0.857142857143 0.275085171456 
0.552631578947 0.252631578947 0.897959183673 0.275586075156 
0.552631578947 0.252631578947 0.938775510204 0.276531142325 
0.552631578947 0.315789473684 0.816326530612 0.286492628114 
0.552631578947 0.315789473684 0.857142857143 0.285097244586 
0.552631578947 0.315789473684 0.897959183673 0.285064823917 
0.552631578947 0.315789473684 0.938775510204 0.285896402171 
0.552631578947 0.315789473684 0.979591836735 0.28686376426 
0.552631578947 0.378947368421 0.816326530612 0.296902739499 
0.552631578947 0.378947368421 0.857142857143 0.294902372552 
0.552631578947 0.378947368421 0.897959183673 0.294557848975 
0.552631578947 0.378947368421 0.938775510204 0.294993645072 
0.552631578947 0.378947368421 0.979591836735 0.295818745657 
0.552631578947 0.442105263158 0.897959183673 0.30769940545 
0.552631578947 0.442105263158 0.938775510204 0.306585999779 
0.552631578947 0.442105263158 0.979591836735 0.30612118453 
0.552631578947 0.442105263158 1.02040816327 0.306263867652 
0.552631578947 0.442105263158 1.0612244898 0.307170142134 
0.552631578947 0.505263157895 0.979591836735 0.321596146602 
0.552631578947 0.505263157895 1.02040816327 0.320386240431 
0.552631578947 0.505263157895 1.0612244898 0.319842347339 
0.552631578947 0.505263157895 1.10204081633 0.319907637571 
0.552631578947 0.505263157895 1.14285714286 0.320459984345 
0.552631578947 0.568421052632 1.10204081633 0.334285169059 
0.552631578947 0.568421052632 1.14285714286 0.333646395112 
0.552631578947 0.568421052632 1.18367346939 0.333470927901 
0.552631578947 0.568421052632 1.22448979592 0.333618146066 
0.552631578947 0.568421052632 1.26530612245 0.334024489773 
0.684210526316 0 0.857142857143 0.221586459726 
0.684210526316 0 0.897959183673 0.219231206031 
0.684210526316 0 0.938775510204 0.218311975182 
0.684210526316 0 0.979591836735 0.21854372952 
0.684210526316 0 1.02040816327 0.220367998428 
0.684210526316 0.0631578947368 0.857142857143 0.224947626066 
0.684210526316 0.0631578947368 0.897959183673 0.222627433832 
0.684210526316 0.0631578947368 0.938775510204 0.221975024764 
0.684210526316 0.0631578947368 0.979591836735 0.222482852312 
0.684210526316 0.0631578947368 1.02040816327 0.224316713059 
0.684210526316 0.126315789474 0.857142857143 0.228796949881 
0.684210526316 0.126315789474 0.897959183673 0.226551840635 
0.684210526316 0.126315789474 0.938775510204 0.225510645793 
0.684210526316 0.126315789474 0.979591836735 0.225582238092 
0.684210526316 0.126315789474 1.02040816327 0.227030567131 
0.684210526316 0.189473684211 0.857142857143 0.235750946923 
0.684210526316 0.189473684211 0.897959183673 0.232475069734 
0.684210526316 0.189473684211 0.938775510204 0.231402461894 
0.684210526316 0.189473684211 0.979591836735 0.23150597525 
0.684210526316 0.189473684211 1.02040816327 0.232702541351 
0.684210526316 0.252631578947 0.857142857143 0.242935442541 
0.684210526316 0.252631578947 0.897959183673 0.238590033326 
0.684210526316 0.252631578947 0.938775510204 0.237694661333 
0.684210526316 0.252631578947 0.979591836735 0.238163631057 
0.684210526316 0.252631578947 1.02040816327 0.239855825512 
0.684210526316 0.315789473684 0.857142857143 0.252965188178 
0.684210526316 0.315789473684 0.897959183673 0.248374427636 
0.684210526316 0.315789473684 0.938775510204 0.246825286128 
0.684210526316 0.315789473684 0.979591836735 0.24696346522 
0.684210526316 0.315789473684 1.02040816327 0.248229657027 
0.684210526316 0.378947368421 0.897959183673 0.258020474684 
0.684210526316 0.378947368421 0.938775510204 0.255868436366 
0.684210526316 0.378947368421 0.979591836735 0.255527884072 
0.684210526316 0.378947368421 1.02040816327 0.256528508576 
0.684210526316 0.378947368421 1.0612244898 0.258296794904 
0.684210526316 0.442105263158 0.938775510204 0.270414415789 
0.684210526316 0.442105263158 0.979591836735 0.268898833392 
0.684210526316 0.442105263158 1.02040816327 0.268366223137 
0.684210526316 0.442105263158 1.0612244898 0.268727931511 
0.684210526316 0.442105263158 1.10204081633 0.26960940478 
0.684210526316 0.505263157895 1.02040816327 0.284862593848 
0.684210526316 0.505263157895 1.0612244898 0.283891808035 
0.684210526316 0.505263157895 1.10204081633 0.283474503328 
0.684210526316 0.505263157895 1.14285714286 0.283694606531 
0.684210526316 0.505263157895 1.18367346939 0.284373571912 
0.684210526316 0.568421052632 1.10204081633 0.299940869272 
0.684210526316 0.568421052632 1.14285714286 0.29894500616 
0.684210526316 0.568421052632 1.18367346939 0.298560240141 
0.684210526316 0.568421052632 1.22448979592 0.298562623111 
0.684210526316 0.568421052632 1.26530612245 0.299038854429 
