0 0.315789473684 2 0.458249207762 
0.105263157895 0.315789473684 2 0.437074243579 
0.210526315789 0.315789473684 0.825982527229 0.400381518458 
0.210526315789 0.315789473684 0.831982527229 0.399921178524 
0.210526315789 0.315789473684 0.837982527229 0.39942255799 
0.210526315789 0.315789473684 0.843982527229 0.399087617293 
0.210526315789 0.315789473684 0.849982527229 0.398999997285 
0.210526315789 0.315789473684 0.855982527229 0.399131863022 
0.210526315789 0.315789473684 0.861982527229 0.399555437458 
0.210526315789 0.315789473684 0.867982527229 0.399956532556 
0.210526315789 0.315789473684 0.873982527229 0.400103926638 
0.315789473684 0.315789473684 0.791605545065 0.350328113363 
0.315789473684 0.315789473684 0.797605545065 0.349716387029 
0.315789473684 0.315789473684 0.803605545065 0.34916923649 
0.315789473684 0.315789473684 0.809605545065 0.348703693982 
0.315789473684 0.315789473684 0.815605545065 0.348412390467 
0.315789473684 0.315789473684 0.821605545065 0.348538880231 
0.315789473684 0.315789473684 0.827605545065 0.348848417493 
0.315789473684 0.315789473684 0.833605545065 0.34911316144 
0.315789473684 0.315789473684 0.839605545065 0.349442189851 
0.421052631579 0.315789473684 0.894769705367 0.309299535717 
0.421052631579 0.315789473684 0.900769705367 0.309038526976 
0.421052631579 0.315789473684 0.906769705367 0.308792912188 
0.421052631579 0.315789473684 0.912769705367 0.308634102375 
0.421052631579 0.315789473684 0.918769705367 0.308516299056 
0.421052631579 0.315789473684 0.924769705367 0.308793010421 
0.421052631579 0.315789473684 0.930769705367 0.30931130887 
0.421052631579 0.315789473684 0.936769705367 0.309813683521 
0.421052631579 0.315789473684 0.942769705367 0.310314703065 
0.526315789474 0.315789473684 0.897302726015 0.277556880531 
0.526315789474 0.315789473684 0.903302726015 0.27697666645 
0.526315789474 0.315789473684 0.909302726015 0.276297401268 
0.526315789474 0.315789473684 0.915302726015 0.275135344509 
0.526315789474 0.315789473684 0.921302726015 0.274486003077 
0.526315789474 0.315789473684 0.927302726015 0.274953463096 
0.526315789474 0.315789473684 0.933302726015 0.275510500373 
0.526315789474 0.315789473684 0.939302726015 0.275750956679 
0.526315789474 0.315789473684 0.945302726015 0.276020431375 
0.631578947368 0.315789473684 0.938571452157 0.247711387242 
0.631578947368 0.315789473684 0.944571452157 0.247719878508 
0.631578947368 0.315789473684 0.950571452157 0.247318685625 
0.631578947368 0.315789473684 0.956571452157 0.24694251518 
0.631578947368 0.315789473684 0.962571452157 0.24680395642 
0.631578947368 0.315789473684 0.968571452157 0.247163320927 
0.631578947368 0.315789473684 0.974571452157 0.247617304992 
0.631578947368 0.315789473684 0.980571452157 0.24842441337 
0.631578947368 0.315789473684 0.986571452157 0.249110137784 
0.736842105263 0.315789473684 1.10449096512 0.224995087111 
0.736842105263 0.315789473684 1.11049096512 0.224691817245 
0.736842105263 0.315789473684 1.11649096512 0.224551789237 
0.736842105263 0.315789473684 1.12249096512 0.224080074676 
0.736842105263 0.315789473684 1.12849096512 0.223448449016 
0.736842105263 0.315789473684 1.13449096512 0.223692848876 
0.736842105263 0.315789473684 1.14049096512 0.224390199586 
0.736842105263 0.315789473684 1.14649096512 0.225050582487 
0.736842105263 0.315789473684 1.15249096512 0.225488398785 
0.842105263158 0.315789473684 1.03139375112 0.201193166509 
0.842105263158 0.315789473684 1.03739375112 0.200917966352 
0.842105263158 0.315789473684 1.04339375112 0.200197171268 
0.842105263158 0.315789473684 1.04939375112 0.199745730654 
0.842105263158 0.315789473684 1.05539375112 0.199865887324 
0.842105263158 0.315789473684 1.06139375112 0.20018250578 
0.842105263158 0.315789473684 1.06739375112 0.200153675341 
0.842105263158 0.315789473684 1.07339375112 0.200173401294 
0.842105263158 0.315789473684 1.07939375112 0.200332917492 
0.947368421053 0.315789473684 1.08856694231 0.182498409851 
0.947368421053 0.315789473684 1.09456694231 0.182048882307 
0.947368421053 0.315789473684 1.10056694231 0.181571382011 
0.947368421053 0.315789473684 1.10656694231 0.18133859536 
0.947368421053 0.315789473684 1.11256694231 0.181211576955 
0.947368421053 0.315789473684 1.11856694231 0.181370088998 
0.947368421053 0.315789473684 1.12456694231 0.181435043569 
0.947368421053 0.315789473684 1.13056694231 0.181996847926 
0.947368421053 0.315789473684 1.13656694231 0.182556385479 
1.05263157895 0.315789473684 1.19216649666 0.166689981692 
1.05263157895 0.315789473684 1.19816649666 0.166180507968 
1.05263157895 0.315789473684 1.20416649666 0.165789966251 
1.05263157895 0.315789473684 1.21016649666 0.165618991372 
1.05263157895 0.315789473684 1.21616649666 0.165550926636 
1.05263157895 0.315789473684 1.22216649666 0.165764504613 
1.05263157895 0.315789473684 1.22816649666 0.165826565863 
1.05263157895 0.315789473684 1.23416649666 0.166302606497 
1.05263157895 0.315789473684 1.24016649666 0.166945972345 
1.15789473684 0.315789473684 1.29206457977 0.153797356004 
1.15789473684 0.315789473684 1.29806457977 0.153050786859 
1.15789473684 0.315789473684 1.30406457977 0.152724561005 
1.15789473684 0.315789473684 1.31006457977 0.152440379417 
1.15789473684 0.315789473684 1.31606457977 0.152365591954 
1.15789473684 0.315789473684 1.32206457977 0.152362048404 
1.15789473684 0.315789473684 1.32806457977 0.152626007825 
1.15789473684 0.315789473684 1.33406457977 0.152783199171 
1.15789473684 0.315789473684 1.34006457977 0.153311565513 
1.26315789474 0.315789473684 1.39477298164 0.142385418292 
1.26315789474 0.315789473684 1.40077298164 0.141931427816 
1.26315789474 0.315789473684 1.40677298164 0.141377847665 
1.26315789474 0.315789473684 1.41277298164 0.141193239902 
1.26315789474 0.315789473684 1.41877298164 0.141076343054 
1.26315789474 0.315789473684 1.42477298164 0.141103491527 
1.26315789474 0.315789473684 1.43077298164 0.141314776512 
1.26315789474 0.315789473684 1.43677298164 0.141481674934 
1.26315789474 0.315789473684 1.44277298164 0.141830675326 
1.36842105263 0.315789473684 1.50273824451 0.132234715405 
1.36842105263 0.315789473684 1.50873824451 0.13167077985 
1.36842105263 0.315789473684 1.51473824451 0.13149019816 
1.36842105263 0.315789473684 1.52073824451 0.131331817082 
1.36842105263 0.315789473684 1.52673824451 0.131352565011 
1.36842105263 0.315789473684 1.53273824451 0.131433831744 
1.36842105263 0.315789473684 1.53873824451 0.131743807866 
1.36842105263 0.315789473684 1.54473824451 0.131967498804 
1.36842105263 0.315789473684 1.55073824451 0.132513453051 
1.47368421053 0.315789473684 1.60176086302 0.123719377402 
1.47368421053 0.315789473684 1.60776086302 0.123598605591 
1.47368421053 0.315789473684 1.61376086302 0.123114968699 
1.47368421053 0.315789473684 1.61976086302 0.12295382131 
1.47368421053 0.315789473684 1.62576086302 0.12283312013 
1.47368421053 0.315789473684 1.63176086302 0.122880346383 
1.47368421053 0.315789473684 1.63776086302 0.122984403448 
1.47368421053 0.315789473684 1.64376086302 0.123304049132 
1.47368421053 0.315789473684 1.64976086302 0.123534136621 
1.57894736842 0.315789473684 1.71284125573 0.116016555543 
1.57894736842 0.315789473684 1.71884125573 0.115597530481 
1.57894736842 0.315789473684 1.72484125573 0.115455125071 
1.57894736842 0.315789473684 1.73084125573 0.11536482108 
1.57894736842 0.315789473684 1.73684125573 0.115430142065 
1.57894736842 0.315789473684 1.74284125573 0.11555394151 
1.57894736842 0.315789473684 1.74884125573 0.115878245498 
1.57894736842 0.315789473684 1.75484125573 0.116111620284 
1.57894736842 0.315789473684 1.76084125573 0.116626129367 
1.68421052632 0.315789473684 1.80948214165 0.109617673767 
1.68421052632 0.315789473684 1.81548214165 0.10936680328 
1.68421052632 0.315789473684 1.82148214165 0.109148147382 
1.68421052632 0.315789473684 1.82748214165 0.108805245048 
1.68421052632 0.315789473684 1.83348214165 0.108789618082 
1.68421052632 0.315789473684 1.83948214165 0.108794179687 
1.68421052632 0.315789473684 1.84548214165 0.108904836619 
1.68421052632 0.315789473684 1.85148214165 0.109158879132 
1.68421052632 0.315789473684 1.85748214165 0.109407204172 
1.78947368421 0.315789473684 1.91113656375 0.103778320673 
1.78947368421 0.315789473684 1.91713656375 0.103362883272 
1.78947368421 0.315789473684 1.92313656375 0.103329954897 
1.78947368421 0.315789473684 1.92913656375 0.103005902524 
1.78947368421 0.315789473684 1.93513656375 0.102898739044 
1.78947368421 0.315789473684 1.94113656375 0.102853708794 
1.78947368421 0.315789473684 1.94713656375 0.102944661312 
1.78947368421 0.315789473684 1.95313656375 0.103094298972 
1.78947368421 0.315789473684 1.95913656375 0.103419990613 
1.89473684211 0.315789473684 2 0.0992837202403 
2 0.315789473684 2 0.107008358033 
0 0.378947368421 2 0.460866786727 
0.105263157895 0.378947368421 2 0.438571538152 
0.210526315789 0.378947368421 2 0.41682287689 
0.315789473684 0.378947368421 0.801925912226 0.359251363971 
0.315789473684 0.378947368421 0.807925912226 0.359239546719 
0.315789473684 0.378947368421 0.813925912226 0.359299694845 
0.315789473684 0.378947368421 0.819925912226 0.359391684158 
0.315789473684 0.378947368421 0.825925912226 0.359362199127 
0.315789473684 0.378947368421 0.831925912226 0.359235341214 
0.315789473684 0.378947368421 0.837925912226 0.35919601367 
0.315789473684 0.378947368421 0.843925912226 0.359308985471 
0.315789473684 0.378947368421 0.849925912226 0.359658956235 
0.421052631579 0.378947368421 0.876788595062 0.317920932958 
0.421052631579 0.378947368421 0.882788595062 0.317663183709 
0.421052631579 0.378947368421 0.888788595062 0.31797877664 
0.421052631579 0.378947368421 0.894788595062 0.318027736905 
0.421052631579 0.378947368421 0.900788595062 0.317816516454 
0.421052631579 0.378947368421 0.906788595062 0.317570644146 
0.421052631579 0.378947368421 0.912788595062 0.317802021946 
0.421052631579 0.378947368421 0.918788595062 0.318128611287 
0.421052631579 0.378947368421 0.924788595062 0.318475808351 
0.526315789474 0.378947368421 0.959697890696 0.285433662822 
0.526315789474 0.378947368421 0.965697890696 0.284786594076 
0.526315789474 0.378947368421 0.971697890696 0.284379112472 
0.526315789474 0.378947368421 0.977697890696 0.284036428104 
0.526315789474 0.378947368421 0.983697890696 0.283763239018 
0.526315789474 0.378947368421 0.989697890696 0.283938382581 
0.526315789474 0.378947368421 0.995697890696 0.284408905079 
0.526315789474 0.378947368421 1.0016978907 0.284562354657 
0.526315789474 0.378947368421 1.0076978907 0.28455367895 
0.631578947368 0.378947368421 1.00804107425 0.257324718627 
0.631578947368 0.378947368421 1.01404107425 0.25741594086 
0.631578947368 0.378947368421 1.02004107425 0.256940592167 
0.631578947368 0.378947368421 1.02604107425 0.256653220412 
0.631578947368 0.378947368421 1.03204107425 0.25652837518 
0.631578947368 0.378947368421 1.03804107425 0.256546604464 
0.631578947368 0.378947368421 1.04404107425 0.256598311475 
0.631578947368 0.378947368421 1.05004107425 0.256894574541 
0.631578947368 0.378947368421 1.05604107425 0.257343942211 
0.736842105263 0.378947368421 1.10707541363 0.233064418087 
0.736842105263 0.378947368421 1.11307541363 0.23298301673 
0.736842105263 0.378947368421 1.11907541363 0.233222179806 
0.736842105263 0.378947368421 1.12507541363 0.232917294499 
0.736842105263 0.378947368421 1.13107541363 0.232771688732 
0.736842105263 0.378947368421 1.13707541363 0.23278365525 
0.736842105263 0.378947368421 1.14307541363 0.232922612249 
0.736842105263 0.378947368421 1.14907541363 0.23309579235 
0.736842105263 0.378947368421 1.15507541363 0.233466017212 
0.842105263158 0.378947368421 1.02506138862 0.209521834866 
0.842105263158 0.378947368421 1.03106138862 0.209520094821 
0.842105263158 0.378947368421 1.03706138862 0.209202568545 
0.842105263158 0.378947368421 1.04306138862 0.208677990341 
0.842105263158 0.378947368421 1.04906138862 0.208426068041 
0.842105263158 0.378947368421 1.05506138862 0.208467990925 
0.842105263158 0.378947368421 1.06106138862 0.208884226708 
0.842105263158 0.378947368421 1.06706138862 0.209897779094 
0.842105263158 0.378947368421 1.07306138862 0.21003279944 
0.947368421053 0.378947368421 1.17554137298 0.191215538625 
0.947368421053 0.378947368421 1.18154137298 0.191216401315 
0.947368421053 0.378947368421 1.18754137298 0.191049860173 
0.947368421053 0.378947368421 1.19354137298 0.191279834573 
0.947368421053 0.378947368421 1.19954137298 0.191273338388 
0.947368421053 0.378947368421 1.20554137298 0.191407990603 
0.947368421053 0.378947368421 1.21154137298 0.191254404995 
0.947368421053 0.378947368421 1.21754137298 0.191171397675 
0.947368421053 0.378947368421 1.22354137298 0.191107239509 
1.05263157895 0.378947368421 1.17621778681 0.176790522062 
1.05263157895 0.378947368421 1.18221778681 0.175346122516 
1.05263157895 0.378947368421 1.18821778681 0.173899848694 
1.05263157895 0.378947368421 1.19421778681 0.173170006954 
1.05263157895 0.378947368421 1.20021778681 0.173232907594 
1.05263157895 0.378947368421 1.20621778681 0.173787000253 
1.05263157895 0.378947368421 1.21221778681 0.174089489604 
1.05263157895 0.378947368421 1.21821778681 0.173940148945 
1.05263157895 0.378947368421 1.22421778681 0.173925911179 
1.15789473684 0.378947368421 1.28254557661 0.162091337693 
1.15789473684 0.378947368421 1.28854557661 0.160739791346 
1.15789473684 0.378947368421 1.29454557661 0.159591719865 
1.15789473684 0.378947368421 1.30054557661 0.159144496581 
1.15789473684 0.378947368421 1.30654557661 0.15938459005 
1.15789473684 0.378947368421 1.31254557661 0.159925948193 
1.15789473684 0.378947368421 1.31854557661 0.160207465931 
1.15789473684 0.378947368421 1.32454557661 0.160113655751 
1.15789473684 0.378947368421 1.33054557661 0.160159707692 
1.26315789474 0.378947368421 1.38565583937 0.150107084567 
1.26315789474 0.378947368421 1.39165583937 0.149089266254 
1.26315789474 0.378947368421 1.39765583937 0.147860142723 
1.26315789474 0.378947368421 1.40365583937 0.147196377182 
1.26315789474 0.378947368421 1.40965583937 0.147273804914 
1.26315789474 0.378947368421 1.41565583937 0.14787943283 
1.26315789474 0.378947368421 1.42165583937 0.148297876024 
1.26315789474 0.378947368421 1.42765583937 0.148343774291 
1.26315789474 0.378947368421 1.43365583937 0.148395362809 
1.36842105263 0.378947368421 1.48526800374 0.140208975285 
1.36842105263 0.378947368421 1.49126800374 0.139467343064 
1.36842105263 0.378947368421 1.49726800374 0.138537865619 
1.36842105263 0.378947368421 1.50326800374 0.137467155772 
1.36842105263 0.378947368421 1.50926800374 0.136935534385 
1.36842105263 0.378947368421 1.51526800374 0.137070858259 
1.36842105263 0.378947368421 1.52126800374 0.137674656667 
1.36842105263 0.378947368421 1.52726800374 0.138085564176 
1.36842105263 0.378947368421 1.53326800374 0.138149286706 
1.47368421053 0.378947368421 1.59531697048 0.130406034288 
1.47368421053 0.378947368421 1.60131697048 0.129646687553 
1.47368421053 0.378947368421 1.60731697048 0.128597841988 
1.47368421053 0.378947368421 1.61331697048 0.128070020103 
1.47368421053 0.378947368421 1.61931697048 0.12810361912 
1.47368421053 0.378947368421 1.62531697048 0.128645785575 
1.47368421053 0.378947368421 1.63131697048 0.129142354203 
1.47368421053 0.378947368421 1.63731697048 0.129288906073 
1.47368421053 0.378947368421 1.64331697048 0.129382843007 
1.57894736842 0.378947368421 1.69977349706 0.122401031721 
1.57894736842 0.378947368421 1.70577349706 0.121765130207 
1.57894736842 0.378947368421 1.71177349706 0.120807481989 
1.57894736842 0.378947368421 1.71777349706 0.120280998476 
1.57894736842 0.378947368421 1.72377349706 0.120260716027 
1.57894736842 0.378947368421 1.72977349706 0.120747169872 
1.57894736842 0.378947368421 1.73577349706 0.121256094412 
1.57894736842 0.378947368421 1.74177349706 0.121473151302 
1.57894736842 0.378947368421 1.74777349706 0.121574318666 
1.68421052632 0.378947368421 1.80386586844 0.115339461556 
1.68421052632 0.378947368421 1.80986586844 0.114825681889 
1.68421052632 0.378947368421 1.81586586844 0.113984405301 
1.68421052632 0.378947368421 1.82186586844 0.113395019056 
1.68421052632 0.378947368421 1.82786586844 0.113316227754 
1.68421052632 0.378947368421 1.83386586844 0.113714562818 
1.68421052632 0.378947368421 1.83986586844 0.114230095461 
1.68421052632 0.378947368421 1.84586586844 0.114531420874 
1.68421052632 0.378947368421 1.85186586844 0.114626834175 
1.78947368421 0.378947368421 1.90824164728 0.109043268852 
1.78947368421 0.378947368421 1.91424164728 0.108598170591 
1.78947368421 0.378947368421 1.92024164728 0.107854127341 
1.78947368421 0.378947368421 1.92624164728 0.107252850313 
1.78947368421 0.378947368421 1.93224164728 0.10712564644 
1.78947368421 0.378947368421 1.93824164728 0.107458262969 
1.78947368421 0.378947368421 1.94424164728 0.107981015408 
1.78947368421 0.378947368421 1.95024164728 0.108326141412 
1.78947368421 0.378947368421 1.95624164728 0.108422892978 
1.89473684211 0.378947368421 2 0.104257723709 
2 0.378947368421 2 0.112346284053 
0 0.442105263158 1.92181068472 0.46291714191 
0 0.442105263158 1.92781068472 0.462776372962 
0 0.442105263158 1.93381068472 0.462637120794 
0 0.442105263158 1.93981068472 0.462593731712 
0 0.442105263158 1.94581068472 0.462559784023 
0 0.442105263158 1.95181068472 0.462574138259 
0 0.442105263158 1.95781068472 0.462625894192 
0 0.442105263158 1.96381068472 0.462751049786 
0 0.442105263158 1.96981068472 0.462859349564 
0.105263157895 0.442105263158 2 0.439486330561 
0.210526315789 0.442105263158 1.19588022035 0.413505426819 
0.210526315789 0.442105263158 1.20188022035 0.413277871114 
0.210526315789 0.442105263158 1.20788022035 0.41308015714 
0.210526315789 0.442105263158 1.21388022035 0.412795638165 
0.210526315789 0.442105263158 1.21988022035 0.41279799622 
0.210526315789 0.442105263158 1.22588022035 0.412949012894 
0.210526315789 0.442105263158 1.23188022035 0.413028857313 
0.210526315789 0.442105263158 1.23788022035 0.413114324353 
0.210526315789 0.442105263158 1.24388022035 0.413431127896 
0.315789473684 0.442105263158 0.849343778299 0.369525717569 
0.315789473684 0.442105263158 0.855343778299 0.369007821845 
0.315789473684 0.442105263158 0.861343778299 0.368627825315 
0.315789473684 0.442105263158 0.867343778299 0.368284337418 
0.315789473684 0.442105263158 0.873343778299 0.368200059382 
0.315789473684 0.442105263158 0.879343778299 0.368496994456 
0.315789473684 0.442105263158 0.885343778299 0.369006824954 
0.315789473684 0.442105263158 0.891343778299 0.369542118699 
0.315789473684 0.442105263158 0.897343778299 0.370032013667 
0.421052631579 0.442105263158 0.943873750141 0.329622071783 
0.421052631579 0.442105263158 0.949873750141 0.329183512068 
0.421052631579 0.442105263158 0.955873750141 0.328713284097 
0.421052631579 0.442105263158 0.961873750141 0.328552447506 
0.421052631579 0.442105263158 0.967873750141 0.328479763746 
0.421052631579 0.442105263158 0.973873750141 0.328424492892 
0.421052631579 0.442105263158 0.979873750141 0.328673898848 
0.421052631579 0.442105263158 0.985873750141 0.329251609778 
0.421052631579 0.442105263158 0.991873750141 0.329937379837 
0.526315789474 0.442105263158 0.967381617165 0.295035707708 
0.526315789474 0.442105263158 0.973381617165 0.294517536157 
0.526315789474 0.442105263158 0.979381617165 0.294198916096 
0.526315789474 0.442105263158 0.985381617165 0.293851483831 
0.526315789474 0.442105263158 0.991381617165 0.293801965395 
0.526315789474 0.442105263158 0.997381617165 0.294049918497 
0.526315789474 0.442105263158 1.00338161716 0.294649288003 
0.526315789474 0.442105263158 1.00938161716 0.295164826082 
0.526315789474 0.442105263158 1.01538161716 0.29563011765 
0.631578947368 0.442105263158 1.06287075884 0.266164802198 
0.631578947368 0.442105263158 1.06887075884 0.266054507977 
0.631578947368 0.442105263158 1.07487075884 0.266026848441 
0.631578947368 0.442105263158 1.08087075884 0.26570857117 
0.631578947368 0.442105263158 1.08687075884 0.265595418359 
0.631578947368 0.442105263158 1.09287075884 0.265509164366 
0.631578947368 0.442105263158 1.09887075884 0.265713868215 
0.631578947368 0.442105263158 1.10487075884 0.266226529968 
0.631578947368 0.442105263158 1.11087075884 0.266932210789 
0.736842105263 0.442105263158 1.08249030155 0.243510628511 
0.736842105263 0.442105263158 1.08849030155 0.243428483609 
0.736842105263 0.442105263158 1.09449030155 0.242839415671 
0.736842105263 0.442105263158 1.10049030155 0.242255048331 
0.736842105263 0.442105263158 1.10649030155 0.241885668604 
0.736842105263 0.442105263158 1.11249030155 0.242076493686 
0.736842105263 0.442105263158 1.11849030155 0.242506317568 
0.736842105263 0.442105263158 1.12449030155 0.243365557683 
0.736842105263 0.442105263158 1.13049030155 0.244168088747 
0.842105263158 0.442105263158 1.05455778016 0.220535081282 
0.842105263158 0.442105263158 1.06055778016 0.220880867593 
0.842105263158 0.442105263158 1.06655778016 0.220790241563 
0.842105263158 0.442105263158 1.07255778016 0.220530259245 
0.842105263158 0.442105263158 1.07855778016 0.220227627165 
0.842105263158 0.442105263158 1.08455778016 0.220128381056 
0.842105263158 0.442105263158 1.09055778016 0.220350579383 
0.842105263158 0.442105263158 1.09655778016 0.220685817595 
0.842105263158 0.442105263158 1.10255778016 0.220873927547 
0.947368421053 0.442105263158 1.12776484772 0.201708537327 
0.947368421053 0.442105263158 1.13376484772 0.201676205424 
0.947368421053 0.442105263158 1.13976484772 0.201110033159 
0.947368421053 0.442105263158 1.14576484772 0.200657650758 
0.947368421053 0.442105263158 1.15176484772 0.200429374695 
0.947368421053 0.442105263158 1.15776484772 0.200406461316 
0.947368421053 0.442105263158 1.16376484772 0.200783208298 
0.947368421053 0.442105263158 1.16976484772 0.201010846326 
0.947368421053 0.442105263158 1.17576484772 0.200909998398 
1.05263157895 0.442105263158 1.18978286437 0.18477305474 
1.05263157895 0.442105263158 1.19578286437 0.184522236531 
1.05263157895 0.442105263158 1.20178286437 0.184138419628 
1.05263157895 0.442105263158 1.20778286437 0.183617812832 
1.05263157895 0.442105263158 1.21378286437 0.183344682685 
1.05263157895 0.442105263158 1.21978286437 0.183524233974 
1.05263157895 0.442105263158 1.22578286437 0.183971792255 
1.05263157895 0.442105263158 1.23178286437 0.184389318757 
1.05263157895 0.442105263158 1.23778286437 0.184599222024 
1.15789473684 0.442105263158 1.33832644794 0.169980459393 
1.15789473684 0.442105263158 1.34432644794 0.170090661941 
1.15789473684 0.442105263158 1.35032644794 0.169752597448 
1.15789473684 0.442105263158 1.35632644794 0.169509665638 
1.15789473684 0.442105263158 1.36232644794 0.169455932 
1.15789473684 0.442105263158 1.36832644794 0.169574131453 
1.15789473684 0.442105263158 1.37432644794 0.170029424124 
1.15789473684 0.442105263158 1.38032644794 0.17035208026 
1.15789473684 0.442105263158 1.38632644794 0.170398973196 
1.26315789474 0.442105263158 1.40069163881 0.15697703281 
1.26315789474 0.442105263158 1.40669163881 0.156892006062 
1.26315789474 0.442105263158 1.41269163881 0.156675686414 
1.26315789474 0.442105263158 1.41869163881 0.156345750573 
1.26315789474 0.442105263158 1.42469163881 0.156245298415 
1.26315789474 0.442105263158 1.43069163881 0.156550307482 
1.26315789474 0.442105263158 1.43669163881 0.157034954961 
1.26315789474 0.442105263158 1.44269163881 0.157510296307 
1.26315789474 0.442105263158 1.44869163881 0.157760836094 
1.36842105263 0.442105263158 1.50069688511 0.14626445103 
1.36842105263 0.442105263158 1.50669688511 0.145974673796 
1.36842105263 0.442105263158 1.51269688511 0.145964100544 
1.36842105263 0.442105263158 1.51869688511 0.145788389129 
1.36842105263 0.442105263158 1.52469688511 0.145519959398 
1.36842105263 0.442105263158 1.53069688511 0.145519401391 
1.36842105263 0.442105263158 1.53669688511 0.145895186164 
1.36842105263 0.442105263158 1.54269688511 0.14636960369 
1.36842105263 0.442105263158 1.54869688511 0.146863457239 
1.47368421053 0.442105263158 1.60303280486 0.136989782362 
1.47368421053 0.442105263158 1.60903280486 0.136539232184 
1.47368421053 0.442105263158 1.61503280486 0.136389687658 
1.47368421053 0.442105263158 1.62103280486 0.136419002735 
1.47368421053 0.442105263158 1.62703280486 0.136214876848 
1.47368421053 0.442105263158 1.63303280486 0.136090953923 
1.47368421053 0.442105263158 1.63903280486 0.136284908831 
1.47368421053 0.442105263158 1.64503280486 0.136790328025 
1.47368421053 0.442105263158 1.65103280486 0.137223150418 
1.57894736842 0.442105263158 1.71025883273 0.128348021157 
1.57894736842 0.442105263158 1.71625883273 0.128101605009 
1.57894736842 0.442105263158 1.72225883273 0.128128015449 
1.57894736842 0.442105263158 1.72825883273 0.128054473197 
1.57894736842 0.442105263158 1.73425883273 0.127884952243 
1.57894736842 0.442105263158 1.74025883273 0.127892573754 
1.57894736842 0.442105263158 1.74625883273 0.128221657528 
1.57894736842 0.442105263158 1.75225883273 0.128720740922 
1.57894736842 0.442105263158 1.75825883273 0.12920423111 
1.68421052632 0.442105263158 1.81129816459 0.121332398478 
1.68421052632 0.442105263158 1.81729816459 0.120802581441 
1.68421052632 0.442105263158 1.82329816459 0.120667193961 
1.68421052632 0.442105263158 1.82929816459 0.120762131614 
1.68421052632 0.442105263158 1.83529816459 0.120669400219 
1.68421052632 0.442105263158 1.84129816459 0.120538396126 
1.68421052632 0.442105263158 1.84729816459 0.120673035627 
1.68421052632 0.442105263158 1.85329816459 0.12110032741 
1.68421052632 0.442105263158 1.85929816459 0.12155756038 
1.78947368421 0.442105263158 1.91564761287 0.114764844215 
1.78947368421 0.442105263158 1.92164761287 0.114223177335 
1.78947368421 0.442105263158 1.92764761287 0.114092637861 
1.78947368421 0.442105263158 1.93364761287 0.114180484009 
1.78947368421 0.442105263158 1.93964761287 0.114144142857 
1.78947368421 0.442105263158 1.94564761287 0.114031316099 
1.78947368421 0.442105263158 1.95164761287 0.114120822557 
1.78947368421 0.442105263158 1.95764761287 0.114508077987 
1.78947368421 0.442105263158 1.96364761287 0.114978723001 
1.89473684211 0.442105263158 2 0.110697228445 
2 0.442105263158 2 0.119269861358 
0 0.505263157895 2 0.463294637202 
0.105263157895 0.505263157895 2 0.44229269001 
0.210526315789 0.505263157895 1.55714185893 0.417854080984 
0.210526315789 0.505263157895 1.56314185893 0.417812456354 
0.210526315789 0.505263157895 1.56914185893 0.417818880976 
0.210526315789 0.505263157895 1.57514185893 0.417839237135 
0.210526315789 0.505263157895 1.58114185893 0.417825454267 
0.210526315789 0.505263157895 1.58714185893 0.417801649784 
0.210526315789 0.505263157895 1.59314185893 0.417810378617 
0.210526315789 0.505263157895 1.59914185893 0.417880999191 
0.210526315789 0.505263157895 1.60514185893 0.417999535127 
0.315789473684 0.505263157895 1.04974443689 0.383584368797 
0.315789473684 0.505263157895 1.05574443689 0.383485152641 
0.315789473684 0.505263157895 1.06174443689 0.383290911201 
0.315789473684 0.505263157895 1.06774443689 0.383106324845 
0.315789473684 0.505263157895 1.07374443689 0.383091504877 
0.315789473684 0.505263157895 1.07974443689 0.383208633215 
0.315789473684 0.505263157895 1.08574443689 0.383247830034 
0.315789473684 0.505263157895 1.09174443689 0.383387988261 
0.315789473684 0.505263157895 1.09774443689 0.383570457389 
0.421052631579 0.505263157895 0.934906044216 0.344650162631 
0.421052631579 0.505263157895 0.940906044216 0.343809462145 
0.421052631579 0.505263157895 0.946906044216 0.342860678403 
0.421052631579 0.505263157895 0.952906044216 0.341776175875 
0.421052631579 0.505263157895 0.958906044216 0.340908119591 
0.421052631579 0.505263157895 0.964906044216 0.340992468144 
0.421052631579 0.505263157895 0.970906044216 0.341490182623 
0.421052631579 0.505263157895 0.976906044216 0.342405107053 
0.421052631579 0.505263157895 0.982906044216 0.343291618966 
0.526315789474 0.505263157895 1.03836394717 0.309956476697 
0.526315789474 0.505263157895 1.04436394717 0.309368547135 
0.526315789474 0.505263157895 1.05036394717 0.308780332647 
0.526315789474 0.505263157895 1.05636394717 0.308018220652 
0.526315789474 0.505263157895 1.06236394717 0.307271794557 
0.526315789474 0.505263157895 1.06836394717 0.307337853857 
0.526315789474 0.505263157895 1.07436394717 0.307843350602 
0.526315789474 0.505263157895 1.08036394717 0.308789034147 
0.526315789474 0.505263157895 1.08636394717 0.309776382853 
0.631578947368 0.505263157895 1.0910425866 0.281680866898 
0.631578947368 0.505263157895 1.0970425866 0.281646340213 
0.631578947368 0.505263157895 1.1030425866 0.281508915093 
0.631578947368 0.505263157895 1.1090425866 0.281504426792 
0.631578947368 0.505263157895 1.1150425866 0.281473308669 
0.631578947368 0.505263157895 1.1210425866 0.281450149744 
0.631578947368 0.505263157895 1.1270425866 0.281831325224 
0.631578947368 0.505263157895 1.1330425866 0.281854574974 
0.631578947368 0.505263157895 1.1390425866 0.281677318107 
0.736842105263 0.505263157895 1.14248878964 0.257324595774 
0.736842105263 0.505263157895 1.14848878964 0.256395060785 
0.736842105263 0.505263157895 1.15448878964 0.255559086703 
0.736842105263 0.505263157895 1.16048878964 0.254972734203 
0.736842105263 0.505263157895 1.16648878964 0.255114961505 
0.736842105263 0.505263157895 1.17248878964 0.255583271673 
0.736842105263 0.505263157895 1.17848878964 0.25609933011 
0.736842105263 0.505263157895 1.18448878964 0.256414309799 
0.736842105263 0.505263157895 1.19048878964 0.256751864822 
0.842105263158 0.505263157895 1.14121711135 0.235808746479 
0.842105263158 0.505263157895 1.14721711135 0.23551877738 
0.842105263158 0.505263157895 1.15321711135 0.235196828984 
0.842105263158 0.505263157895 1.15921711135 0.234990737797 
0.842105263158 0.505263157895 1.16521711135 0.235122616832 
0.842105263158 0.505263157895 1.17121711135 0.235451831193 
0.842105263158 0.505263157895 1.17721711135 0.235591650889 
0.842105263158 0.505263157895 1.18321711135 0.235679994143 
0.842105263158 0.505263157895 1.18921711135 0.235542437718 
0.947368421053 0.505263157895 1.19371341362 0.215149732426 
0.947368421053 0.505263157895 1.19971341362 0.214867869944 
0.947368421053 0.505263157895 1.20571341362 0.214488130511 
0.947368421053 0.505263157895 1.21171341362 0.214274088633 
0.947368421053 0.505263157895 1.21771341362 0.214154193809 
0.947368421053 0.505263157895 1.22371341362 0.214330386489 
0.947368421053 0.505263157895 1.22971341362 0.214586025371 
0.947368421053 0.505263157895 1.23571341362 0.214962197912 
0.947368421053 0.505263157895 1.24171341362 0.215585076378 
1.05263157895 0.505263157895 1.21805950155 0.19701252698 
1.05263157895 0.505263157895 1.22405950155 0.196918567134 
1.05263157895 0.505263157895 1.23005950155 0.196781345048 
1.05263157895 0.505263157895 1.23605950155 0.196634235813 
1.05263157895 0.505263157895 1.24205950155 0.19642206807 
1.05263157895 0.505263157895 1.24805950155 0.196551995791 
1.05263157895 0.505263157895 1.25405950155 0.196756944441 
1.05263157895 0.505263157895 1.26005950155 0.19722091435 
1.05263157895 0.505263157895 1.26605950155 0.197446272648 
1.15789473684 0.505263157895 1.31909672967 0.181343440585 
1.15789473684 0.505263157895 1.32509672967 0.181343196394 
1.15789473684 0.505263157895 1.33109672967 0.181266418019 
1.15789473684 0.505263157895 1.33709672967 0.181245091267 
1.15789473684 0.505263157895 1.34309672967 0.181168870527 
1.15789473684 0.505263157895 1.34909672967 0.181047912158 
1.15789473684 0.505263157895 1.35509672967 0.181327005292 
1.15789473684 0.505263157895 1.36109672967 0.181658136767 
1.15789473684 0.505263157895 1.36709672967 0.182175691457 
1.26315789474 0.505263157895 1.39133301506 0.169290659579 
1.26315789474 0.505263157895 1.39733301506 0.168276518041 
1.26315789474 0.505263157895 1.40333301506 0.167621407142 
1.26315789474 0.505263157895 1.40933301506 0.167769226523 
1.26315789474 0.505263157895 1.41533301506 0.16771531387 
1.26315789474 0.505263157895 1.42133301506 0.16781307286 
1.26315789474 0.505263157895 1.42733301506 0.167983364834 
1.26315789474 0.505263157895 1.43333301506 0.168026631299 
1.26315789474 0.505263157895 1.43933301506 0.168019178331 
1.36842105263 0.505263157895 1.49554575998 0.157544322309 
1.36842105263 0.505263157895 1.50154575998 0.156647661361 
1.36842105263 0.505263157895 1.50754575998 0.156001222155 
1.36842105263 0.505263157895 1.51354575998 0.156087692616 
1.36842105263 0.505263157895 1.51954575998 0.156105962896 
1.36842105263 0.505263157895 1.52554575998 0.156174957473 
1.36842105263 0.505263157895 1.53154575998 0.156438947943 
1.36842105263 0.505263157895 1.53754575998 0.156514451069 
1.36842105263 0.505263157895 1.54354575998 0.156552435102 
1.47368421053 0.505263157895 1.59592391801 0.14774134109 
1.47368421053 0.505263157895 1.60192391801 0.147032518453 
1.47368421053 0.505263157895 1.60792391801 0.146234166401 
1.47368421053 0.505263157895 1.61392391801 0.14575062069 
1.47368421053 0.505263157895 1.61992391801 0.145966343782 
1.47368421053 0.505263157895 1.62592391801 0.145999738235 
1.47368421053 0.505263157895 1.63192391801 0.146167604821 
1.47368421053 0.505263157895 1.63792391801 0.146391082742 
1.47368421053 0.505263157895 1.64392391801 0.146508778651 
1.57894736842 0.505263157895 2 0.147754825632 
1.68421052632 0.505263157895 1.80337154309 0.13084822418 
1.68421052632 0.505263157895 1.80937154309 0.130250956604 
1.68421052632 0.505263157895 1.81537154309 0.129634754495 
1.68421052632 0.505263157895 1.82137154309 0.129068195507 
1.68421052632 0.505263157895 1.82737154309 0.129062223434 
1.68421052632 0.505263157895 1.83337154309 0.129231048808 
1.68421052632 0.505263157895 1.83937154309 0.129303648878 
1.68421052632 0.505263157895 1.84537154309 0.129622057108 
1.68421052632 0.505263157895 1.85137154309 0.129790452925 
1.78947368421 0.505263157895 1.9087582742 0.12361521606 
1.78947368421 0.505263157895 1.9147582742 0.12308071346 
1.78947368421 0.505263157895 1.9207582742 0.122518426688 
1.78947368421 0.505263157895 1.9267582742 0.122007019021 
1.78947368421 0.505263157895 1.9327582742 0.122038626344 
1.78947368421 0.505263157895 1.9387582742 0.122215504088 
1.78947368421 0.505263157895 1.9447582742 0.122305640366 
1.78947368421 0.505263157895 1.9507582742 0.122631917696 
1.78947368421 0.505263157895 1.9567582742 0.122810860729 
1.89473684211 0.505263157895 2 0.118430385315 
2 0.505263157895 2 0.126239044095 
0 0.568421052632 2 0.466132116325 
0.105263157895 0.568421052632 2 0.444930449865 
0.210526315789 0.568421052632 1.84955741466 0.421067792938 
0.210526315789 0.568421052632 1.85555741466 0.421063994176 
0.210526315789 0.568421052632 1.86155741466 0.421026949478 
0.210526315789 0.568421052632 1.86755741466 0.42095556559 
0.210526315789 0.568421052632 1.87355741466 0.42091881518 
0.210526315789 0.568421052632 1.87955741466 0.420911707418 
0.210526315789 0.568421052632 1.88555741466 0.421034614504 
0.210526315789 0.568421052632 1.89155741466 0.421150723057 
0.210526315789 0.568421052632 1.89755741466 0.421269100608 
0.315789473684 0.568421052632 1.25544545594 0.392419301191 
0.315789473684 0.568421052632 1.26144545594 0.39224353005 
0.315789473684 0.568421052632 1.26744545594 0.392040706078 
0.315789473684 0.568421052632 1.27344545594 0.391838124321 
0.315789473684 0.568421052632 1.27944545594 0.391837596955 
0.315789473684 0.568421052632 1.28544545594 0.391929369556 
0.315789473684 0.568421052632 1.29144545594 0.391982013661 
0.315789473684 0.568421052632 1.29744545594 0.391963312343 
0.315789473684 0.568421052632 1.30344545594 0.391994465988 
0.421052631579 0.568421052632 1.08712096666 0.359305829622 
0.421052631579 0.568421052632 1.09312096666 0.359045927893 
0.421052631579 0.568421052632 1.09912096666 0.359074609743 
0.421052631579 0.568421052632 1.10512096666 0.359061521138 
0.421052631579 0.568421052632 1.11112096666 0.359044584107 
0.421052631579 0.568421052632 1.11712096666 0.359025873054 
0.421052631579 0.568421052632 1.12312096666 0.359025592725 
0.421052631579 0.568421052632 1.12912096666 0.359064020131 
0.421052631579 0.568421052632 1.13512096666 0.359322706166 
0.526315789474 0.568421052632 1.10602097184 0.325180440868 
0.526315789474 0.568421052632 1.11202097184 0.325205681168 
0.526315789474 0.568421052632 1.11802097184 0.32502056136 
0.526315789474 0.568421052632 1.12402097184 0.324739937297 
0.526315789474 0.568421052632 1.13002097184 0.324752988936 
0.526315789474 0.568421052632 1.13602097184 0.32496552753 
0.526315789474 0.568421052632 1.14202097184 0.325240295779 
0.526315789474 0.568421052632 1.14802097184 0.32559272073 
0.526315789474 0.568421052632 1.15402097184 0.326089319391 
0.631578947368 0.568421052632 1.1671028671 0.297557693389 
0.631578947368 0.568421052632 1.1731028671 0.297118589705 
0.631578947368 0.568421052632 1.1791028671 0.296734441258 
0.631578947368 0.568421052632 1.1851028671 0.29661331408 
0.631578947368 0.568421052632 1.1911028671 0.29673803233 
0.631578947368 0.568421052632 1.1971028671 0.296778839051 
0.631578947368 0.568421052632 1.2031028671 0.296827860965 
0.631578947368 0.568421052632 1.2091028671 0.296838645664 
0.631578947368 0.568421052632 1.2151028671 0.297056749371 
0.736842105263 0.568421052632 1.18546253471 0.272931919447 
0.736842105263 0.568421052632 1.19146253471 0.272321459431 
0.736842105263 0.568421052632 1.19746253471 0.271823406756 
0.736842105263 0.568421052632 1.20346253471 0.271397429588 
0.736842105263 0.568421052632 1.20946253471 0.271160435385 
0.736842105263 0.568421052632 1.21546253471 0.271324495845 
0.736842105263 0.568421052632 1.22146253471 0.271608958041 
0.736842105263 0.568421052632 1.22746253471 0.271993565012 
0.736842105263 0.568421052632 1.23346253471 0.272368537309 
0.842105263158 0.568421052632 1.22122958472 0.250577516811 
0.842105263158 0.568421052632 1.22722958472 0.250285570502 
0.842105263158 0.568421052632 1.23322958472 0.249998263453 
0.842105263158 0.568421052632 1.23922958472 0.249772226904 
0.842105263158 0.568421052632 1.24522958472 0.249838836572 
0.842105263158 0.568421052632 1.25122958472 0.250208899998 
0.842105263158 0.568421052632 1.25722958472 0.250475924342 
0.842105263158 0.568421052632 1.26322958472 0.250607190044 
0.842105263158 0.568421052632 1.26922958472 0.25083448773 
0.947368421053 0.568421052632 1.18225343727 0.230313580003 
0.947368421053 0.568421052632 1.18825343727 0.229919984054 
0.947368421053 0.568421052632 1.19425343727 0.22957877795 
0.947368421053 0.568421052632 1.20025343727 0.229628669511 
0.947368421053 0.568421052632 1.20625343727 0.229666859637 
0.947368421053 0.568421052632 1.21225343727 0.229600261341 
0.947368421053 0.568421052632 1.21825343727 0.229710151251 
0.947368421053 0.568421052632 1.22425343727 0.229741037125 
0.947368421053 0.568421052632 1.23025343727 0.229818973545 
1.05263157895 0.568421052632 1.23075993684 0.211169133009 
1.05263157895 0.568421052632 1.23675993684 0.210950390894 
1.05263157895 0.568421052632 1.24275993684 0.210749010579 
1.05263157895 0.568421052632 1.24875993684 0.210446294968 
1.05263157895 0.568421052632 1.25475993684 0.210498898152 
1.05263157895 0.568421052632 1.26075993684 0.210697232791 
1.05263157895 0.568421052632 1.26675993684 0.210713933975 
1.05263157895 0.568421052632 1.27275993684 0.210790688307 
1.05263157895 0.568421052632 1.27875993684 0.211158790111 
1.15789473684 0.568421052632 1.33000540712 0.194697833463 
1.15789473684 0.568421052632 1.33600540712 0.194532370572 
1.15789473684 0.568421052632 1.34200540712 0.194404335999 
1.15789473684 0.568421052632 1.34800540712 0.194292508853 
1.15789473684 0.568421052632 1.35400540712 0.194086545406 
1.15789473684 0.568421052632 1.36000540712 0.194205747916 
1.15789473684 0.568421052632 1.36600540712 0.194460793225 
1.15789473684 0.568421052632 1.37200540712 0.194547869387 
1.15789473684 0.568421052632 1.37800540712 0.194688335093 
1.26315789474 0.568421052632 1.43478297804 0.180420027531 
1.26315789474 0.568421052632 1.44078297804 0.180342283907 
1.26315789474 0.568421052632 1.44678297804 0.180261572416 
1.26315789474 0.568421052632 1.45278297804 0.180221061774 
1.26315789474 0.568421052632 1.45878297804 0.180099452487 
1.26315789474 0.568421052632 1.46478297804 0.180225463503 
1.26315789474 0.568421052632 1.47078297804 0.18052988911 
1.26315789474 0.568421052632 1.47678297804 0.180681675984 
1.26315789474 0.568421052632 1.48278297804 0.180849798992 
1.36842105263 0.568421052632 1.49653321634 0.169320348789 
1.36842105263 0.568421052632 1.50253321634 0.168460735333 
1.36842105263 0.568421052632 1.50853321634 0.167594488239 
1.36842105263 0.568421052632 1.51453321634 0.16759811568 
1.36842105263 0.568421052632 1.52053321634 0.167612809149 
1.36842105263 0.568421052632 1.52653321634 0.167647295294 
1.36842105263 0.568421052632 1.53253321634 0.167893489441 
1.36842105263 0.568421052632 1.53853321634 0.168062143118 
1.36842105263 0.568421052632 1.54453321634 0.168093543898 
1.47368421053 0.568421052632 1.59592391801 0.158864847081 
1.47368421053 0.568421052632 1.60192391801 0.158179546647 
1.47368421053 0.568421052632 1.60792391801 0.157418071931 
1.47368421053 0.568421052632 1.61392391801 0.156649328571 
1.47368421053 0.568421052632 1.61992391801 0.156705003635 
1.47368421053 0.568421052632 1.62592391801 0.156761541646 
1.47368421053 0.568421052632 1.63192391801 0.156834403344 
1.47368421053 0.568421052632 1.63792391801 0.157109599722 
1.47368421053 0.568421052632 1.64392391801 0.157304548891 
1.57894736842 0.568421052632 1.70474334816 0.148648248263 
1.57894736842 0.568421052632 1.71074334816 0.147995344793 
1.57894736842 0.568421052632 1.71674334816 0.147308267542 
1.57894736842 0.568421052632 1.72274334816 0.147117354292 
1.57894736842 0.568421052632 1.72874334816 0.147184170248 
1.57894736842 0.568421052632 1.73474334816 0.147290239642 
1.57894736842 0.568421052632 1.74074334816 0.147469631173 
1.57894736842 0.568421052632 1.74674334816 0.147783896574 
1.57894736842 0.568421052632 1.75274334816 0.147906246742 
1.68421052632 0.568421052632 1.80852578808 0.140148612657 
1.68421052632 0.568421052632 1.81452578808 0.139582852865 
1.68421052632 0.568421052632 1.82052578808 0.13896401563 
1.68421052632 0.568421052632 1.82652578808 0.138605961641 
1.68421052632 0.568421052632 1.83252578808 0.138699372197 
1.68421052632 0.568421052632 1.83852578808 0.138826537465 
1.68421052632 0.568421052632 1.84452578808 0.138966851799 
1.68421052632 0.568421052632 1.85052578808 0.139312521304 
1.68421052632 0.568421052632 1.85652578808 0.139500076351 
1.78947368421 0.568421052632 1.91341140611 0.132474859337 
1.78947368421 0.568421052632 1.91941140611 0.13196707049 
1.78947368421 0.568421052632 1.92541140611 0.131406197472 
1.78947368421 0.568421052632 1.93141140611 0.13104115466 
1.78947368421 0.568421052632 1.93741140611 0.131159745824 
1.78947368421 0.568421052632 1.94341140611 0.131296768376 
1.78947368421 0.568421052632 1.94941140611 0.131444001172 
1.78947368421 0.568421052632 1.95541140611 0.131794063848 
1.78947368421 0.568421052632 1.96141140611 0.132006477629 
1.89473684211 0.568421052632 2 0.127201549432 
2 0.568421052632 2 0.134188553249 
