0 2 0.48133382224 
0.0408163265306 2 0.473047496338 
0.0816326530612 2 0.464788284082 
0.122448979592 2 0.456556737555 
0.163265306122 2 0.448353380649 
0.204081632653 2 0.440174975869 
0.244897959184 2 0.432021478498 
0.285714285714 2 0.423904611046 
0.326530612245 2 0.415824999432 
0.367346938776 2 0.407772953431 
0.408163265306 2 0.39974232974 
0.448979591837 2 0.391735986473 
0.489795918367 1.92592033093 0.383625520907 
0.530612244898 1.81599763286 0.375380489763 
0.571428571429 1.7253731844 0.366801701081 
0.612244897959 1.6632843057 0.358086619541 
0.65306122449 1.60571190968 0.34922785698 
0.69387755102 1.58093627628 0.340377618404 
0.734693877551 1.59661153613 0.331738118596 
0.775510204082 1.60920046852 0.323397699691 
0.816326530612 1.60535226808 0.315291188353 
0.857142857143 1.60072597352 0.307374083594 
0.897959183673 1.59434506429 0.299624128141 
0.938775510204 1.58644714667 0.292032114647 
0.979591836735 1.56661605635 0.284579524344 
1.02040816327 1.54859752693 0.277228638303 
1.0612244898 1.54336775051 0.269999947981 
1.10204081633 1.55333889239 0.262971083029 
1.14285714286 1.56901602128 0.256183730139 
1.18367346939 1.59546101295 0.249656101426 
1.22448979592 1.61651364226 0.243387615433 
1.26530612245 1.64707865847 0.237378127933 
1.30612244898 1.67725926491 0.231621339339 
1.34693877551 1.70931613865 0.226103695398 
1.38775510204 1.74289364087 0.220817497179 
1.42857142857 1.77994989646 0.215757724568 
1.4693877551 1.81685363237 0.21091358677 
1.51020408163 1.85372683661 0.206273081329 
1.55102040816 1.8894534993 0.201825584303 
1.59183673469 1.91947510123 0.197543904899 
1.63265306122 1.94834508284 0.193415968055 
1.67346938776 1.97744697395 0.189435737772 
1.71428571429 2 0.185599179645 
1.75510204082 2 0.182036595444 
1.79591836735 2 0.178849409781 
1.83673469388 2 0.175978840545 
1.87755102041 2 0.175271625661 
1.91836734694 2 0.17728002571 
1.95918367347 2 0.179628697611 
2 2 0.182335343373 
