0 2 0.46818962012 
0.0408163265306 2 0.459747510533 
0.0816326530612 2 0.451308765516 
0.122448979592 2 0.442875388203 
0.163265306122 2 0.434444472558 
0.204081632653 2 0.42601453543 
0.244897959184 2 0.417585618124 
0.285714285714 1.8474121248 0.409000917062 
0.326530612245 1.63405702065 0.399463826886 
0.367346938776 1.52428200891 0.38923749166 
0.408163265306 1.4642146265 0.378729155882 
0.448979591837 1.40848622749 0.368111573083 
0.489795918367 1.34298141829 0.357355099802 
0.530612244898 1.28025835409 0.346360675852 
0.571428571429 1.25170016997 0.335327848938 
0.612244897959 1.24522439625 0.324549831744 
0.65306122449 1.25530021652 0.314100854906 
0.69387755102 1.26127238034 0.304076990909 
0.734693877551 1.26007998177 0.29438598428 
0.775510204082 1.26230352389 0.285008347053 
0.816326530612 1.26648669674 0.275948184781 
0.857142857143 1.26398116755 0.267185513704 
0.897959183673 1.27074302335 0.258713091323 
0.938775510204 1.28895657552 0.250586534188 
0.979591836735 1.31154851025 0.242840860824 
1.02040816327 1.3329238068 0.23546084721 
1.0612244898 1.36667413147 0.22844094777 
1.10204081633 1.39892363041 0.221795993215 
1.14285714286 1.42218275075 0.215470596091 
1.18367346939 1.4511970417 0.209435375891 
1.22448979592 1.48112608055 0.203679302588 
1.26530612245 1.51106993059 0.198196781925 
1.30612244898 1.54328615502 0.192969538825 
1.34693877551 1.57366912905 0.187983272801 
1.38775510204 1.60454764553 0.1832174863 
1.42857142857 1.63849937985 0.178662752279 
1.4693877551 1.66995906695 0.174307673071 
1.51020408163 1.70214712748 0.170138818938 
1.55102040816 1.73585005715 0.166145860344 
1.59183673469 1.77064748071 0.162322284027 
1.63265306122 1.80449647711 0.158657967874 
1.67346938776 1.83814464424 0.155142530523 
1.71428571429 1.87181315973 0.151767458614 
1.75510204082 1.90830490284 0.148525080532 
1.79591836735 1.94444044729 0.145410102401 
1.83673469388 1.98275502612 0.142418230164 
1.87755102041 2 0.141635881317 
1.91836734694 2 0.144128481849 
1.95918367347 2 0.147308115551 
2 2 0.150925523702 
