0 2 0.49784978748 
0.0408163265306 2 0.489810708024 
0.0816326530612 2 0.481801694007 
0.122448979592 2 0.473821980173 
0.163265306122 2 0.465880460816 
0.204081632653 2 0.457997383759 
0.244897959184 2 0.450164288765 
0.285714285714 2 0.442356957977 
0.326530612245 2 0.434571485064 
0.367346938776 2 0.426811080202 
0.408163265306 2 0.419083668092 
0.448979591837 2 0.411388799871 
0.489795918367 2 0.403730084799 
0.530612244898 2 0.396111385361 
0.571428571429 2 0.388547441246 
0.612244897959 2 0.381035944656 
0.65306122449 2 0.373575075439 
0.69387755102 2 0.366162854728 
0.734693877551 1.98444353083 0.358786286458 
0.775510204082 1.95110222981 0.351401271386 
0.816326530612 1.94065953846 0.344086055561 
0.857142857143 1.94753325643 0.336930673319 
0.897959183673 1.9530817276 0.329955002006 
0.938775510204 1.95533804044 0.323124948246 
0.979591836735 1.95455775519 0.316447374688 
1.02040816327 1.952679695 0.309904000213 
1.0612244898 1.94720691901 0.303486178027 
1.10204081633 1.93041026923 0.297165014489 
1.14285714286 1.90044815756 0.290905686913 
1.18367346939 1.88684775962 0.28470062358 
1.22448979592 1.87459125724 0.278588045025 
1.26530612245 1.87140573211 0.27258465931 
1.30612244898 1.87342059072 0.266705526439 
1.34693877551 1.87553790259 0.260960400051 
1.38775510204 1.89708285191 0.255374437815 
1.42857142857 1.91862327497 0.249964371674 
1.4693877551 1.94739305333 0.244738556602 
1.51020408163 1.97063525211 0.239689833062 
1.55102040816 1.99623273098 0.234805834615 
1.59183673469 2 0.230153117221 
1.63265306122 2 0.225966384834 
1.67346938776 2 0.222025767582 
1.71428571429 2 0.218330896071 
1.75510204082 2 0.214895747816 
1.79591836735 2 0.211786779026 
1.83673469388 2 0.208982690769 
1.87755102041 2 0.208185121393 
1.91836734694 2 0.209870122654 
1.95918367347 2 0.211915925147 
2 2 0.214292139283 
