2 0.875 0.303260715109 
2 0.875769230769 0.303264798311 
2 0.876538461538 0.303268073681 
2 0.877307692308 0.303275557744 
2 0.878076923077 0.30328025274 
2 0.878846153846 0.303288218573 
2 0.879615384615 0.303295251341 
2 0.880384615385 0.303305194867 
2 0.881153846154 0.30331553187 
2 0.881923076923 0.303328656443 
2 0.882692307692 0.303340395058 
2 0.883461538462 0.303355732627 
2 0.884230769231 0.30337134919 
2 0.885 0.303389714523 
2 0.885769230769 0.303409602776 
2 0.886538461538 0.303430956555 
2 0.887307692308 0.303455677134 
2 0.888076923077 0.303484280738 
2 0.888846153846 0.303513886913 
2 0.889615384615 0.303545326346 
2 0.890384615385 0.303573813974 
2 0.891153846154 0.303604775832 
2 0.891923076923 0.303636348509 
2 0.892692307692 0.303666661887 
2 0.893461538462 0.303700194945 
2 0.894230769231 0.303731243642 
2 0.895 0.303763309446 
2 0.895769230769 0.30379730151 
2 0.896538461538 0.303829989829 
2 0.897307692308 0.303863958256 
2 0.898076923077 0.303898314551 
2 0.898846153846 0.303931960657 
2 0.899615384615 0.303967485414 
2 0.900384615385 0.30400163411 
2 0.901153846154 0.304039032117 
2 0.901923076923 0.304073475747 
2 0.902692307692 0.304108929952 
2 0.903461538462 0.304144775517 
2 0.904230769231 0.304181922934 
2 0.905 0.304217411057 
3 0.875 0.317739388495 
3 0.875769230769 0.317694833341 
3 0.876538461538 0.317650570303 
3 0.877307692308 0.317608429678 
3 0.878076923077 0.317565419668 
3 0.878846153846 0.317523398028 
3 0.879615384615 0.317481457103 
3 0.880384615385 0.317439814554 
3 0.881153846154 0.317398932259 
3 0.881923076923 0.317360317654 
3 0.882692307692 0.317319121856 
3 0.883461538462 0.3172814856 
3 0.884230769231 0.317242088536 
3 0.885 0.317205316537 
3 0.885769230769 0.317168582819 
3 0.886538461538 0.317131432542 
3 0.887307692308 0.317095026554 
3 0.888076923077 0.317058970997 
3 0.888846153846 0.317023418327 
3 0.889615384615 0.3169891495 
3 0.890384615385 0.316953508015 
3 0.891153846154 0.316918571379 
3 0.891923076923 0.316885334637 
3 0.892692307692 0.316850848634 
3 0.893461538462 0.316818808188 
3 0.894230769231 0.316784691532 
3 0.895 0.31675188215 
3 0.895769230769 0.316720024323 
3 0.896538461538 0.316688492856 
3 0.897307692308 0.316656953742 
3 0.898076923077 0.316625586838 
3 0.898846153846 0.316594912079 
3 0.899615384615 0.316564268142 
3 0.900384615385 0.316534445025 
3 0.901153846154 0.316505221203 
3 0.901923076923 0.316476038856 
3 0.902692307692 0.316445734624 
3 0.903461538462 0.316416572238 
3 0.904230769231 0.316388507516 
3 0.905 0.316360214356 
5 0.875 0.316861938692 
5 0.875769230769 0.316859895337 
5 0.876538461538 0.316856308158 
5 0.877307692308 0.316856036775 
5 0.878076923077 0.316853986653 
5 0.878846153846 0.316852593318 
5 0.879615384615 0.316851267086 
5 0.880384615385 0.316850243739 
5 0.881153846154 0.316849846577 
5 0.881923076923 0.31685057697 
5 0.882692307692 0.316849564028 
5 0.883461538462 0.316850641815 
5 0.884230769231 0.316850413884 
5 0.885 0.316851861369 
5 0.885769230769 0.316853204443 
5 0.886538461538 0.31685470759 
5 0.887307692308 0.316855830533 
5 0.888076923077 0.316857676867 
5 0.888846153846 0.31686009633 
5 0.889615384615 0.316862801336 
5 0.890384615385 0.316865236267 
5 0.891153846154 0.316867589006 
5 0.891923076923 0.316871243205 
5 0.892692307692 0.316873469998 
5 0.893461538462 0.316878089849 
5 0.894230769231 0.316880944616 
5 0.895 0.316884902857 
5 0.895769230769 0.316889250645 
5 0.896538461538 0.316893182558 
5 0.897307692308 0.316898689072 
5 0.898076923077 0.316902950723 
5 0.898846153846 0.31690801991 
5 0.899615384615 0.316913202269 
5 0.900384615385 0.316918363826 
5 0.901153846154 0.31692475093 
5 0.901923076923 0.316930326932 
5 0.902692307692 0.316935672887 
5 0.903461538462 0.316941822049 
5 0.904230769231 0.316948316289 
5 0.905 0.3169547547 
7 0.875 0.318307020475 
7 0.875769230769 0.318298709959 
7 0.876538461538 0.318289693203 
7 0.877307692308 0.318281287424 
7 0.878076923077 0.318273965135 
7 0.878846153846 0.318264801296 
7 0.879615384615 0.318256548898 
7 0.880384615385 0.318248548713 
7 0.881153846154 0.318240419477 
7 0.881923076923 0.318233771388 
7 0.882692307692 0.318224773325 
7 0.883461538462 0.318217724626 
7 0.884230769231 0.318209716875 
7 0.885 0.31820317473 
7 0.885769230769 0.318196041627 
7 0.886538461538 0.318188674886 
7 0.887307692308 0.31818159349 
7 0.888076923077 0.318174066307 
7 0.888846153846 0.318167989232 
7 0.889615384615 0.318161921874 
7 0.890384615385 0.318154829555 
7 0.891153846154 0.318148375302 
7 0.891923076923 0.31814262131 
7 0.892692307692 0.31813546883 
7 0.893461538462 0.318131161133 
7 0.894230769231 0.318123848583 
7 0.895 0.318117972742 
7 0.895769230769 0.318113102153 
7 0.896538461538 0.318106888169 
7 0.897307692308 0.318102583201 
7 0.898076923077 0.318097095852 
7 0.898846153846 0.31809222525 
7 0.899615384615 0.318087069002 
7 0.900384615385 0.318082360982 
7 0.901153846154 0.318079314888 
7 0.901923076923 0.318074251423 
7 0.902692307692 0.318069901751 
7 0.903461538462 0.318065731589 
7 0.904230769231 0.318062607499 
7 0.905 0.318058238971 
11 0.875 0.317381913855 
11 0.875769230769 0.317375204562 
11 0.876538461538 0.31736775139 
11 0.877307692308 0.317361387513 
11 0.878076923077 0.317355070124 
11 0.878846153846 0.317347312493 
11 0.879615384615 0.317340263353 
11 0.880384615385 0.317333134525 
11 0.881153846154 0.317325486147 
11 0.881923076923 0.317320444701 
11 0.882692307692 0.317312536054 
11 0.883461538462 0.317307575248 
11 0.884230769231 0.317301185899 
11 0.885 0.317297075489 
11 0.885769230769 0.317293215361 
11 0.886538461538 0.317289351335 
11 0.887307692308 0.317286521258 
11 0.888076923077 0.317284514751 
11 0.888846153846 0.317283925599 
11 0.889615384615 0.31728390076 
11 0.890384615385 0.317282943958 
11 0.891153846154 0.317282045849 
11 0.891923076923 0.317282213646 
11 0.892692307692 0.317281493699 
11 0.893461538462 0.317282247842 
11 0.894230769231 0.317281949227 
11 0.895 0.317281823232 
11 0.895769230769 0.317282506937 
11 0.896538461538 0.317283306034 
11 0.897307692308 0.317285416375 
11 0.898076923077 0.317286579248 
11 0.898846153846 0.317288438262 
11 0.899615384615 0.317290658572 
11 0.900384615385 0.317292793042 
11 0.901153846154 0.317296647734 
11 0.901923076923 0.317299168873 
11 0.902692307692 0.317302177598 
11 0.903461538462 0.317305253234 
11 0.904230769231 0.317309713903 
11 0.905 0.317313135062 
18 0.875 0.31767961619 
18 0.875769230769 0.317675314871 
18 0.876538461538 0.317671044123 
18 0.877307692308 0.317667693921 
18 0.878076923077 0.317664349106 
18 0.878846153846 0.317660843059 
18 0.879615384615 0.317657850297 
18 0.880384615385 0.317654758646 
18 0.881153846154 0.317651955194 
18 0.881923076923 0.317650766977 
18 0.882692307692 0.31764720597 
18 0.883461538462 0.317646560172 
18 0.884230769231 0.317644292606 
18 0.885 0.317644455659 
18 0.885769230769 0.317643309035 
18 0.886538461538 0.317642967562 
18 0.887307692308 0.317642510893 
18 0.888076923077 0.317643184542 
18 0.888846153846 0.317643835355 
18 0.889615384615 0.317645535794 
18 0.890384615385 0.317645825737 
18 0.891153846154 0.317646212607 
18 0.891923076923 0.31764787803 
18 0.892692307692 0.317648696771 
18 0.893461538462 0.317651005323 
18 0.894230769231 0.317651327359 
18 0.895 0.317653059653 
18 0.895769230769 0.317654475461 
18 0.896538461538 0.317656131982 
18 0.897307692308 0.317658637667 
18 0.898076923077 0.317659535309 
18 0.898846153846 0.317661759805 
18 0.899615384615 0.31766386468 
18 0.900384615385 0.317665621762 
18 0.901153846154 0.317668827621 
18 0.901923076923 0.317670924759 
18 0.902692307692 0.317672777717 
18 0.903461538462 0.317675137635 
18 0.904230769231 0.317678201366 
18 0.905 0.317680314036 
27 0.875 0.317694569112 
27 0.875769230769 0.317692182993 
27 0.876538461538 0.31768963268 
27 0.877307692308 0.317687659722 
27 0.878076923077 0.317686386553 
27 0.878846153846 0.317683985585 
27 0.879615384615 0.317682686465 
27 0.880384615385 0.317680858478 
27 0.881153846154 0.317679497258 
27 0.881923076923 0.317679287165 
27 0.882692307692 0.317676869657 
27 0.883461538462 0.317676715833 
27 0.884230769231 0.317675189527 
27 0.885 0.31767545642 
27 0.885769230769 0.317674909458 
27 0.886538461538 0.317674304322 
27 0.887307692308 0.3176740117 
27 0.888076923077 0.317673743942 
27 0.888846153846 0.317674098449 
27 0.889615384615 0.317674877255 
27 0.890384615385 0.317674722275 
27 0.891153846154 0.317674561876 
27 0.891923076923 0.317675853137 
27 0.892692307692 0.317675635463 
27 0.893461538462 0.317677481792 
27 0.894230769231 0.317677415673 
27 0.895 0.317678059203 
27 0.895769230769 0.317679177673 
27 0.896538461538 0.317679974438 
27 0.897307692308 0.317682029825 
27 0.898076923077 0.31768207945 
27 0.898846153846 0.317683738836 
27 0.899615384615 0.317685117894 
27 0.900384615385 0.317686189749 
27 0.901153846154 0.31768867253 
27 0.901923076923 0.317689934652 
27 0.902692307692 0.317691107677 
27 0.903461538462 0.31769294602 
27 0.904230769231 0.317695140649 
27 0.905 0.31769701734 
42 0.875 0.31767223198 
42 0.875769230769 0.317668922108 
42 0.876538461538 0.317664860463 
42 0.877307692308 0.31766182567 
42 0.878076923077 0.31765921612 
42 0.878846153846 0.317655515807 
42 0.879615384615 0.317652965119 
42 0.880384615385 0.317649746192 
42 0.881153846154 0.317647214707 
42 0.881923076923 0.317646210287 
42 0.882692307692 0.317642653332 
42 0.883461538462 0.317641674705 
42 0.884230769231 0.317639162573 
42 0.885 0.317638605917 
42 0.885769230769 0.31763745045 
42 0.886538461538 0.317636302958 
42 0.887307692308 0.317635275221 
42 0.888076923077 0.317634372107 
42 0.888846153846 0.317634256136 
42 0.889615384615 0.317634329549 
42 0.890384615385 0.317633537807 
42 0.891153846154 0.317632848997 
42 0.891923076923 0.317633135769 
42 0.892692307692 0.317632331224 
42 0.893461538462 0.317633263453 
42 0.894230769231 0.317632280536 
42 0.895 0.317632475289 
42 0.895769230769 0.317632605179 
42 0.896538461538 0.317632656229 
42 0.897307692308 0.317633720462 
42 0.898076923077 0.31763341926 
42 0.898846153846 0.317633951509 
42 0.899615384615 0.317635015059 
42 0.900384615385 0.317635648125 
42 0.901153846154 0.317637698651 
42 0.901923076923 0.317638351751 
42 0.902692307692 0.317639315792 
42 0.903461538462 0.317640322071 
42 0.904230769231 0.317642280144 
42 0.905 0.317643344547 
65 0.875 0.317680008075 
65 0.875769230769 0.317677319732 
65 0.876538461538 0.317673866505 
65 0.877307692308 0.317671512469 
65 0.878076923077 0.317669402947 
65 0.878846153846 0.317666397752 
65 0.879615384615 0.317664192985 
65 0.880384615385 0.317661662682 
65 0.881153846154 0.317659542862 
65 0.881923076923 0.317658819589 
65 0.882692307692 0.317655792421 
65 0.883461538462 0.317655084602 
65 0.884230769231 0.317652680149 
65 0.885 0.317651992287 
65 0.885769230769 0.317651166663 
65 0.886538461538 0.317649713024 
65 0.887307692308 0.317648883736 
65 0.888076923077 0.317647923862 
65 0.888846153846 0.317647681721 
65 0.889615384615 0.317647880161 
65 0.890384615385 0.317647232147 
65 0.891153846154 0.317646785648 
65 0.891923076923 0.317647268323 
65 0.892692307692 0.317646413101 
65 0.893461538462 0.317647705767 
65 0.894230769231 0.317646855675 
65 0.895 0.317647053595 
65 0.895769230769 0.317647534666 
65 0.896538461538 0.31764774248 
65 0.897307692308 0.317649166681 
65 0.898076923077 0.317648882654 
65 0.898846153846 0.317649661474 
65 0.899615384615 0.317650521745 
65 0.900384615385 0.317651240294 
65 0.901153846154 0.317652854586 
65 0.901923076923 0.317653927638 
65 0.902692307692 0.317654713759 
65 0.903461538462 0.317655881301 
65 0.904230769231 0.317657815275 
65 0.905 0.317659655699 
100 0.875 0.317679862241 
100 0.875769230769 0.317676862053 
100 0.876538461538 0.317673102209 
100 0.877307692308 0.317670585224 
100 0.878076923077 0.317667989824 
100 0.878846153846 0.317664856477 
100 0.879615384615 0.31766211874 
100 0.880384615385 0.317659505607 
100 0.881153846154 0.3176568558 
100 0.881923076923 0.31765569909 
100 0.882692307692 0.317652536146 
100 0.883461538462 0.317651327173 
100 0.884230769231 0.317648510043 
100 0.885 0.317647904454 
100 0.885769230769 0.317646157181 
100 0.886538461538 0.317644562359 
100 0.887307692308 0.317643118546 
100 0.888076923077 0.317641816181 
100 0.888846153846 0.317641098034 
100 0.889615384615 0.317641011752 
100 0.890384615385 0.317639957193 
100 0.891153846154 0.317639250123 
100 0.891923076923 0.317639274222 
100 0.892692307692 0.317638440612 
100 0.893461538462 0.317639522616 
100 0.894230769231 0.317638625569 
100 0.895 0.317638937303 
100 0.895769230769 0.317639481781 
100 0.896538461538 0.317639537735 
100 0.897307692308 0.317641529316 
100 0.898076923077 0.317641296714 
100 0.898846153846 0.317642702142 
100 0.899615384615 0.317644101653 
100 0.900384615385 0.317645396532 
100 0.901153846154 0.317647999851 
100 0.901923076923 0.317649417558 
100 0.902692307692 0.317651206972 
100 0.903461538462 0.317653120933 
100 0.904230769231 0.317655796924 
100 0.905 0.317658033731 
