0.869849 0.317861657202 
0.869949334448 0.317856083601 
0.870049668896 0.317841213815 
0.870150003344 0.31783423025 
0.870250337793 0.317828992253 
0.870350672241 0.317839446332 
0.870451006689 0.317845966402 
0.870551341137 0.317848353899 
0.870651675585 0.317853202452 
0.870752010033 0.317857210425 
0.870852344482 0.317855933013 
0.87095267893 0.317848920389 
0.871053013378 0.317850812235 
0.871153347826 0.317845352396 
0.871253682274 0.31784615899 
0.871354016722 0.317855480972 
0.871454351171 0.31785648515 
0.871554685619 0.317854526908 
0.871655020067 0.317854312281 
0.871755354515 0.317851332061 
0.871855688963 0.317840683688 
0.871956023411 0.317841641165 
0.87205635786 0.317842412254 
0.872156692308 0.317845576864 
0.872257026756 0.31784770956 
0.872357361204 0.317837849748 
0.872457695652 0.317833933092 
0.8725580301 0.31783343747 
0.872658364548 0.317820891319 
0.872758698997 0.317828202796 
0.872859033445 0.317833962391 
0.872959367893 0.317834317216 
0.873059702341 0.317834675458 
0.873160036789 0.317837873983 
0.873260371237 0.317838884821 
0.873360705686 0.317836679159 
0.873461040134 0.317828616406 
0.873561374582 0.317830411413 
0.87366170903 0.317824807011 
0.873762043478 0.317817081576 
0.873862377926 0.317816250808 
0.873962712375 0.317823468675 
0.874063046823 0.317828053944 
0.874163381271 0.31781410142 
0.874263715719 0.317814578088 
0.874364050167 0.317814465333 
0.874464384615 0.317813148244 
0.874564719064 0.317815813488 
0.874665053512 0.317823313098 
0.87476538796 0.317830174937 
0.874865722408 0.317827899051 
0.874966056856 0.317826209428 
0.875066391304 0.317829280311 
0.875166725753 0.317817180724 
0.875267060201 0.317839559292 
0.875367394649 0.317833379248 
0.875467729097 0.31783518456 
0.875568063545 0.317824189132 
0.875668397993 0.317825750633 
0.875768732441 0.317803325205 
0.87586906689 0.31781807121 
0.875969401338 0.317823292473 
0.876069735786 0.31781876221 
0.876170070234 0.31782097768 
0.876270404682 0.317817922749 
0.87637073913 0.317822075062 
0.876471073579 0.317818445814 
0.876571408027 0.317823183595 
0.876671742475 0.317823360673 
0.876772076923 0.317824764863 
0.876872411371 0.317825974356 
0.876972745819 0.317816274812 
0.877073080268 0.317815891713 
0.877173414716 0.317815962356 
0.877273749164 0.317801141604 
0.877374083612 0.317800063683 
0.87747441806 0.317802906976 
0.877574752508 0.317803699281 
0.877675086957 0.317793260661 
0.877775421405 0.317796953306 
0.877875755853 0.317801541546 
0.877976090301 0.317811844283 
0.878076424749 0.317805788924 
0.878176759197 0.317803138157 
0.878277093645 0.317808956268 
0.878377428094 0.317809653694 
0.878477762542 0.31780367304 
0.87857809699 0.317802711915 
0.878678431438 0.317807777717 
0.878778765886 0.317808488334 
0.878879100334 0.317803230279 
0.878979434783 0.317813384897 
0.879079769231 0.317811728337 
0.879180103679 0.317803210418 
0.879280438127 0.317807536402 
0.879380772575 0.317819881317 
0.879481107023 0.317801303724 
0.879581441472 0.317799041697 
0.87968177592 0.317803251093 
0.879782110368 0.317793868167 
0.879882444816 0.317795705721 
0.879982779264 0.317803452134 
0.880083113712 0.317797672946 
0.880183448161 0.317795674314 
0.880283782609 0.317801061431 
0.880384117057 0.317799461474 
0.880484451505 0.317811440239 
0.880584785953 0.317800371192 
0.880685120401 0.31780979971 
0.880785454849 0.317806994549 
0.880885789298 0.317815277385 
0.880986123746 0.317814467048 
0.881086458194 0.317815204548 
0.881186792642 0.317800187762 
0.88128712709 0.317799143458 
0.881387461538 0.317779731463 
0.881487795987 0.317769481512 
0.881588130435 0.317761907487 
0.881688464883 0.317774317582 
0.881788799331 0.317793753956 
0.881889133779 0.317798355729 
0.881989468227 0.317798415334 
0.882089802676 0.317800979626 
0.882190137124 0.317796187559 
0.882290471572 0.317795053315 
0.88239080602 0.317796791463 
0.882491140468 0.317796044772 
0.882591474916 0.317795624747 
0.882691809365 0.317792136129 
0.882792143813 0.317792357679 
0.882892478261 0.317794825493 
0.882992812709 0.317790642313 
0.883093147157 0.317786658969 
0.883193481605 0.31779360826 
0.883293816054 0.317786439236 
0.883394150502 0.31778738844 
0.88349448495 0.317785276238 
0.883594819398 0.31778910541 
0.883695153846 0.317791218078 
0.883795488294 0.317793458947 
0.883895822742 0.317798191005 
0.883996157191 0.31780190883 
0.884096491639 0.317812715183 
0.884196826087 0.317807246766 
0.884297160535 0.31780248196 
0.884397494983 0.317803785059 
0.884497829431 0.317801777026 
0.88459816388 0.317797664042 
0.884698498328 0.317796306285 
0.884798832776 0.317785430634 
0.884899167224 0.317794541658 
0.884999501672 0.317795232688 
0.88509983612 0.317796757037 
0.885200170569 0.31779082059 
0.885300505017 0.317788972867 
0.885400839465 0.317774815313 
0.885501173913 0.317776868884 
0.885601508361 0.317787461935 
0.885701842809 0.317798833226 
0.885802177258 0.31779782844 
0.885902511706 0.317802252708 
0.886002846154 0.317797048685 
0.886103180602 0.317787962667 
0.88620351505 0.317788381965 
0.886303849498 0.317797787514 
0.886404183946 0.317803184195 
0.886504518395 0.317800744182 
0.886604852843 0.317790916845 
0.886705187291 0.317792631487 
0.886805521739 0.317789497508 
0.886905856187 0.317794339826 
0.887006190635 0.317797399867 
0.887106525084 0.317803967995 
0.887206859532 0.317804736875 
0.88730719398 0.317800613076 
0.887407528428 0.317795792441 
0.887507862876 0.317797144491 
0.887608197324 0.317795961681 
0.887708531773 0.317800698342 
0.887808866221 0.317788891784 
0.887909200669 0.317801853874 
0.888009535117 0.317803098308 
0.888109869565 0.317807218215 
0.888210204013 0.317808601839 
0.888310538462 0.317807695004 
0.88841087291 0.317803677251 
0.888511207358 0.317805452959 
0.888611541806 0.317799662742 
0.888711876254 0.317799986259 
0.888812210702 0.317802726393 
0.888912545151 0.317802928731 
0.889012879599 0.317800525521 
0.889113214047 0.317800033969 
0.889213548495 0.317793760438 
0.889313882943 0.317790675575 
0.889414217391 0.317783324682 
0.889514551839 0.317799894317 
0.889614886288 0.317805460856 
0.889715220736 0.317806899321 
0.889815555184 0.317809997403 
0.889915889632 0.317806676737 
0.89001622408 0.317804252444 
0.890116558528 0.317799150809 
0.890216892977 0.317805003521 
0.890317227425 0.317808249204 
0.890417561873 0.317798264496 
0.890517896321 0.317802280188 
0.890618230769 0.317809793961 
0.890718565217 0.317812160071 
0.890818899666 0.317803968835 
0.890919234114 0.317809017907 
0.891019568562 0.317824234946 
0.89111990301 0.317803725961 
0.891220237458 0.317808282979 
0.891320571906 0.317808443863 
0.891420906355 0.317823356072 
0.891521240803 0.317799315844 
0.891621575251 0.317804649281 
0.891721909699 0.317816529987 
0.891822244147 0.317802805834 
0.891922578595 0.317803877544 
0.892022913043 0.31780863965 
0.892123247492 0.317814297202 
0.89222358194 0.317810109346 
0.892323916388 0.317812972989 
0.892424250836 0.31782156319 
0.892524585284 0.317817704944 
0.892624919732 0.317826987597 
0.892725254181 0.317825551444 
0.892825588629 0.317826984358 
0.892925923077 0.317824354047 
0.893026257525 0.31782629384 
0.893126591973 0.317810107061 
0.893226926421 0.317793668583 
0.89332726087 0.317798352456 
0.893427595318 0.317808677685 
0.893527929766 0.31781114014 
0.893628264214 0.317811018095 
0.893728598662 0.317815771314 
0.89382893311 0.317816537955 
0.893929267559 0.317807040399 
0.894029602007 0.317819283633 
0.894129936455 0.317831403834 
0.894230270903 0.317828505209 
0.894330605351 0.317829540459 
0.894430939799 0.317828558855 
0.894531274247 0.31782447357 
0.894631608696 0.317830397263 
0.894731943144 0.317833794075 
0.894832277592 0.317829592186 
0.89493261204 0.317833056236 
0.895032946488 0.317830266049 
0.895133280936 0.317825948279 
0.895233615385 0.317818283302 
0.895333949833 0.317824619395 
0.895434284281 0.317831199869 
0.895534618729 0.317835129084 
0.895634953177 0.317834444326 
0.895735287625 0.317835345779 
0.895835622074 0.317837827565 
0.895935956522 0.317837276917 
0.89603629097 0.317836541688 
0.896136625418 0.317842452914 
0.896236959866 0.317844258419 
0.896337294314 0.317838031074 
0.896437628763 0.317846483558 
0.896537963211 0.317844820223 
0.896638297659 0.317842273564 
0.896738632107 0.317835749809 
0.896838966555 0.317837199752 
0.896939301003 0.317835362843 
0.897039635452 0.317825627203 
0.8971399699 0.3178220896 
0.897240304348 0.317826717554 
0.897340638796 0.317829186882 
0.897440973244 0.317838246923 
0.897541307692 0.317836613097 
0.89764164214 0.31783467363 
0.897741976589 0.317842795148 
0.897842311037 0.317844083499 
0.897942645485 0.317847593447 
0.898042979933 0.31784624002 
0.898143314381 0.3178503209 
0.898243648829 0.317848407498 
0.898343983278 0.31785193271 
0.898444317726 0.317848253873 
0.898544652174 0.317854561902 
0.898644986622 0.317854937945 
0.89874532107 0.317852282957 
0.898845655518 0.317853615069 
0.898945989967 0.317854061525 
0.899046324415 0.317856027997 
0.899146658863 0.317862547692 
0.899246993311 0.317858019937 
0.899347327759 0.317853058669 
0.899447662207 0.317853968528 
0.899547996656 0.317858479391 
0.899648331104 0.317856620225 
0.899748665552 0.317861258666 
0.899849 0.31785656885 
