0.242857142857 0.7 0.620341660666 
0.242857142857 0.7 0.61062493033 
0.242857142857 0.7 0.601002534751 
0.242857142857 0.7 0.591392016626 
0.242857142857 0.7 0.581782459788 
0.242857142857 0.7 0.572229031131 
0.242857142857 0.7 0.562645295228 
0.257142857143 0.7 0.553090926222 
0.257142857143 0.7 0.543560957199 
0.257142857143 0.7 0.534027885849 
0.257142857143 0.7 0.524511349523 
0.257142857143 0.7 0.515018402721 
0.257142857143 0.7 0.505512492379 
0.257142857143 0.7 0.49608721143 
0.271428571429 0.7 0.48670040093 
0.271428571429 0.7 0.477311100424 
0.271428571429 0.7 0.467940883449 
0.271428571429 0.692522109395 0.458550350961 
0.271428571429 0.685522109395 0.458563212957 
0.271428571429 0.689022109395 0.458552261222 
0.271428571429 0.696022109395 0.458555673462 
0.285714285714 0.699522109395 0.458566674896 
0.285714285714 0.703022109395 0.458561879082 
0.285714285714 0.706522109395 0.458553487595 
0.285714285714 0.631333516749 0.448677004064 
0.285714285714 0.620833516749 0.44867702241 
0.285714285714 0.624333516749 0.448681379635 
0.285714285714 0.627833516749 0.448680785037 
0.3 0.634833516749 0.448678179671 
0.3 0.638333516749 0.448693730699 
0.3 0.641833516749 0.448702795294 
0.3 0.588760423721 0.438212424922 
0.3 0.578260423721 0.438239704981 
0.3 0.581760423721 0.438219031345 
0.3 0.585260423721 0.438220121293 
0.314285714286 0.592260423721 0.438222293036 
0.314285714286 0.595760423721 0.438238123039 
0.314285714286 0.599260423721 0.438245215146 
0.314285714286 0.575137056585 0.427567332028 
0.314285714286 0.564637056585 0.427619138006 
0.314285714286 0.568137056585 0.427591683934 
0.314285714286 0.571637056585 0.427576957947 
0.328571428571 0.578637056585 0.427565676464 
0.328571428571 0.582137056585 0.427579974346 
0.328571428571 0.585637056585 0.42759966653 
0.328571428571 0.569384197338 0.416992645921 
0.328571428571 0.558884197338 0.417061592234 
0.328571428571 0.562384197338 0.417015026306 
0.328571428571 0.565884197338 0.416992910471 
0.342857142857 0.572884197338 0.417008782623 
0.342857142857 0.576384197338 0.417038172189 
0.342857142857 0.579884197338 0.41707441053 
0.342857142857 0.572398044853 0.406662950223 
0.342857142857 0.561898044853 0.406765342699 
0.342857142857 0.565398044853 0.406723550822 
0.342857142857 0.568898044853 0.406673005352 
0.357142857143 0.575898044853 0.406679580652 
0.357142857143 0.579398044853 0.406718311549 
0.357142857143 0.582898044853 0.406769988108 
0.357142857143 0.576119988553 0.396680587809 
0.357142857143 0.565619988553 0.396742702014 
0.357142857143 0.569119988553 0.396702334096 
0.357142857143 0.572619988553 0.396697274794 
0.371428571429 0.579619988553 0.396699327844 
0.371428571429 0.583119988553 0.396711160829 
0.371428571429 0.586619988553 0.396758776978 
0.371428571429 0.566708544939 0.386933104807 
0.371428571429 0.559708544939 0.38696011532 
0.371428571429 0.563208544939 0.386952276032 
0.371428571429 0.570208544939 0.386938676282 
0.385714285714 0.573708544939 0.386942034947 
0.385714285714 0.577208544939 0.386955553858 
0.385714285714 0.580708544939 0.38696762568 
0.385714285714 0.564162553955 0.377289991528 
0.385714285714 0.553662553955 0.377343921608 
0.385714285714 0.557162553955 0.377312634969 
0.385714285714 0.560662553955 0.377303188142 
0.4 0.567662553955 0.37730330742 
0.4 0.571162553955 0.377312638009 
0.4 0.574662553955 0.377345196796 
0.4 0.559659439286 0.367810143711 
0.4 0.549159439286 0.367856655457 
0.4 0.552659439286 0.367836338912 
0.4 0.556159439286 0.36782311994 
0.414285714286 0.563159439286 0.36782928413 
0.414285714286 0.566659439286 0.367835752026 
0.414285714286 0.570159439286 0.367870946831 
0.414285714286 0.561927142416 0.358523596315 
0.414285714286 0.551427142416 0.358643484153 
0.414285714286 0.554927142416 0.358583644608 
0.414285714286 0.558427142416 0.358545066511 
0.428571428571 0.565427142416 0.358550762395 
0.428571428571 0.568927142416 0.358582532261 
0.428571428571 0.572427142416 0.358644737913 
0.428571428571 0.566024034139 0.349582482396 
0.428571428571 0.559024034139 0.34964631016 
0.428571428571 0.562524034139 0.349609312433 
0.428571428571 0.569524034139 0.349588039551 
0.442857142857 0.573024034139 0.349604708341 
0.442857142857 0.576524034139 0.349644762247 
0.442857142857 0.580024034139 0.34972064161 
0.442857142857 0.574774620105 0.340938745653 
0.442857142857 0.564274620105 0.34108072124 
0.442857142857 0.567774620105 0.34099426918 
0.442857142857 0.571274620105 0.34095448918 
0.457142857143 0.578274620105 0.340954308381 
0.457142857143 0.581774620105 0.341006048743 
0.457142857143 0.585274620105 0.341058431138 
0.457142857143 0.584771898779 0.332623700232 
0.457142857143 0.574271898779 0.332710543042 
0.457142857143 0.577771898779 0.332663867092 
0.457142857143 0.581271898779 0.332638528329 
0.471428571429 0.588271898779 0.332667860827 
0.471428571429 0.591771898779 0.332720965057 
0.471428571429 0.595271898779 0.332806811383 
0.471428571429 0.590735962467 0.324632472129 
0.471428571429 0.580235962467 0.324702827366 
0.471428571429 0.583735962467 0.324661925726 
0.471428571429 0.587235962467 0.32463765856 
0.485714285714 0.594235962467 0.324645193671 
0.485714285714 0.597735962467 0.324682371868 
0.485714285714 0.601235962467 0.324735620135 
0.485714285714 0.590270490692 0.316892492833 
0.485714285714 0.583270490692 0.316927784417 
0.485714285714 0.586770490692 0.316911921881 
0.485714285714 0.593770490692 0.316887801939 
0.5 0.597270490692 0.316907433819 
0.5 0.600770490692 0.316922229025 
0.5 0.604270490692 0.316963823876 
0.5 0.592514861854 0.309339043329 
0.5 0.582014861854 0.309367873562 
0.5 0.585514861854 0.309348539413 
0.5 0.589014861854 0.309343077581 
0.514285714286 0.596014861854 0.309353535956 
0.514285714286 0.599514861854 0.309364772154 
0.514285714286 0.603014861854 0.309391203044 
0.514285714286 0.585981322054 0.301938530854 
0.514285714286 0.578981322054 0.301966485848 
0.514285714286 0.582481322054 0.301951076573 
0.514285714286 0.589481322054 0.301942299894 
0.528571428571 0.592981322054 0.301950403177 
0.528571428571 0.596481322054 0.301957577169 
0.528571428571 0.599981322054 0.301985830315 
0.528571428571 0.584593213804 0.294661563317 
0.528571428571 0.574093213804 0.29473609582 
0.528571428571 0.577593213804 0.294698803864 
0.528571428571 0.581093213804 0.294677900731 
0.542857142857 0.588093213804 0.294666088334 
0.542857142857 0.591593213804 0.294689633204 
0.542857142857 0.595093213804 0.294713408712 
0.542857142857 0.587113340369 0.287583559745 
0.542857142857 0.580113340369 0.287651229943 
0.542857142857 0.583613340369 0.287602664883 
0.542857142857 0.590613340369 0.287578983955 
0.557142857143 0.594113340369 0.287594866245 
0.557142857143 0.597613340369 0.287628624594 
0.557142857143 0.601113340369 0.287662665051 
0.557142857143 0.598245800677 0.280730508652 
0.557142857143 0.587745800677 0.280792318186 
0.557142857143 0.591245800677 0.280751735565 
0.557142857143 0.594745800677 0.280729550021 
0.571428571429 0.601745800677 0.280753810836 
0.571428571429 0.605245800677 0.280794296203 
0.571428571429 0.608745800677 0.280853032057 
0.571428571429 0.603576250611 0.274119887919 
0.571428571429 0.593076250611 0.274231167061 
0.571428571429 0.596576250611 0.274173115725 
0.571428571429 0.600076250611 0.274133461987 
0.585714285714 0.607076250611 0.274133874381 
0.585714285714 0.610576250611 0.274170101097 
0.585714285714 0.614076250611 0.274212435305 
0.585714285714 0.612681655412 0.267759316361 
0.585714285714 0.602181655412 0.267907873267 
0.585714285714 0.605681655412 0.267805015433 
0.585714285714 0.609181655412 0.267771535128 
0.6 0.616181655412 0.267776040013 
0.6 0.619681655412 0.267810818519 
0.6 0.623181655412 0.267860575286 
0.6 0.62144014437 0.261627781722 
0.6 0.61444014437 0.261798513336 
0.6 0.61794014437 0.2616569307 
0.6 0.62494014437 0.261639724985 
0.614285714286 0.62844014437 0.261671708145 
0.614285714286 0.63194014437 0.261725599936 
0.614285714286 0.63544014437 0.261802346033 
0.614285714286 0.632945131581 0.255736522738 
0.614285714286 0.625945131581 0.256012685444 
0.614285714286 0.629445131581 0.255820514579 
0.614285714286 0.636445131581 0.255760585788 
0.628571428571 0.639945131581 0.255807797197 
0.628571428571 0.643445131581 0.255872251384 
0.628571428571 0.646945131581 0.255965496242 
0.628571428571 0.647324254198 0.250092027043 
0.628571428571 0.640324254198 0.250294582926 
0.628571428571 0.643824254198 0.250140469319 
0.628571428571 0.650824254198 0.250147450846 
0.642857142857 0.654324254198 0.250223207736 
0.642857142857 0.657824254198 0.250316557551 
0.642857142857 0.661324254198 0.250438116642 
0.642857142857 0.659866599951 0.244684317907 
0.642857142857 0.652866599951 0.244923789474 
0.642857142857 0.656366599951 0.244746884545 
0.642857142857 0.663366599951 0.244727497954 
