0.3 0.544444444444 0.444688754575 
0.3 0.622222222222 0.438419754396 
0.3 0.7 0.435803946948 
0.308163265306 0.544444444444 0.439009407197 
0.308163265306 0.622222222222 0.432975625343 
0.308163265306 0.7 0.430951356577 
0.316326530612 0.544444444444 0.433389077025 
0.316326530612 0.622222222222 0.427789787748 
0.316326530612 0.7 0.425926585142 
0.324489795918 0.544444444444 0.427835875782 
0.324489795918 0.622222222222 0.422419047811 
0.324489795918 0.7 0.42102192445 
0.332653061224 0.544444444444 0.422329443225 
0.332653061224 0.622222222222 0.417233039685 
0.332653061224 0.7 0.416166018106 
0.340816326531 0.544444444444 0.416830433404 
0.340816326531 0.622222222222 0.411910735934 
0.340816326531 0.7 0.411363385634 
0.348979591837 0.544444444444 0.411562757684 
0.348979591837 0.622222222222 0.406845777405 
0.348979591837 0.7 0.406569492665 
0.357142857143 0.466666666667 0.420325049024 
0.357142857143 0.544444444444 0.406206196942 
0.357142857143 0.622222222222 0.401684113756 
0.357142857143 0.7 0.40168497673 
0.365306122449 0.466666666667 0.415146227739 
0.365306122449 0.544444444444 0.401002103483 
0.365306122449 0.622222222222 0.396740081167 
0.365306122449 0.7 0.396923665262 
0.373469387755 0.466666666667 0.41001327964 
0.373469387755 0.544444444444 0.396019327937 
0.373469387755 0.622222222222 0.39167825153 
0.373469387755 0.7 0.392112138189 
0.381632653061 0.466666666667 0.405099320655 
0.381632653061 0.544444444444 0.391030460123 
0.381632653061 0.622222222222 0.38680762967 
0.381632653061 0.7 0.387354726899 
0.389795918367 0.466666666667 0.400032602056 
0.389795918367 0.544444444444 0.386099838193 
0.389795918367 0.622222222222 0.381786828068 
0.389795918367 0.7 0.382678688382 
0.397959183673 0.466666666667 0.395396813245 
0.397959183673 0.544444444444 0.381417121166 
0.397959183673 0.622222222222 0.377004932715 
0.397959183673 0.7 0.377910483809 
0.40612244898 0.466666666667 0.391132312694 
0.40612244898 0.544444444444 0.376589294639 
0.40612244898 0.622222222222 0.372073393961 
0.40612244898 0.7 0.373240018804 
0.414285714286 0.466666666667 0.386964729696 
0.414285714286 0.544444444444 0.371878403223 
0.414285714286 0.622222222222 0.367156397119 
0.414285714286 0.7 0.368654189074 
0.422448979592 0.466666666667 0.383280818383 
0.422448979592 0.544444444444 0.367268789624 
0.422448979592 0.622222222222 0.362511901812 
0.422448979592 0.7 0.364047434288 
0.430612244898 0.466666666667 0.379876100673 
0.430612244898 0.544444444444 0.362812492485 
0.430612244898 0.622222222222 0.357743590595 
0.430612244898 0.7 0.359498424752 
0.438775510204 0.466666666667 0.376423830201 
0.438775510204 0.544444444444 0.358237280464 
0.438775510204 0.622222222222 0.353404072447 
0.438775510204 0.7 0.355024591037 
0.44693877551 0.466666666667 0.373667730593 
0.44693877551 0.544444444444 0.353694360127 
0.44693877551 0.622222222222 0.348919769039 
0.44693877551 0.7 0.350632615667 
0.455102040816 0.466666666667 0.370931666821 
0.455102040816 0.544444444444 0.349384234948 
0.455102040816 0.622222222222 0.344495671799 
0.455102040816 0.7 0.34617475403 
0.463265306122 0.466666666667 0.36875784941 
0.463265306122 0.544444444444 0.345156681212 
0.463265306122 0.622222222222 0.340260608281 
0.463265306122 0.7 0.341735313653 
0.471428571429 0.466666666667 0.367920200385 
0.471428571429 0.544444444444 0.341101994211 
0.471428571429 0.622222222222 0.335925251967 
0.471428571429 0.7 0.337304624179 
0.479591836735 0.466666666667 0.367908528469 
0.479591836735 0.544444444444 0.337061784224 
0.479591836735 0.622222222222 0.331739606947 
0.479591836735 0.7 0.332921099555 
0.487755102041 0.466666666667 0.367847673408 
0.487755102041 0.544444444444 0.333405694918 
0.487755102041 0.622222222222 0.327471266314 
0.487755102041 0.7 0.328784961093 
0.495918367347 0.466666666667 0.368078312474 
0.495918367347 0.544444444444 0.33014681501 
0.495918367347 0.622222222222 0.323519652762 
0.495918367347 0.7 0.324456617591 
0.504081632653 0.466666666667 0.368438826801 
0.504081632653 0.544444444444 0.326923568941 
0.504081632653 0.622222222222 0.319371067408 
0.504081632653 0.7 0.320226555078 
0.512244897959 0.466666666667 0.369121242365 
0.512244897959 0.544444444444 0.324104558418 
0.512244897959 0.622222222222 0.3154499802 
0.512244897959 0.7 0.316180262767 
0.520408163265 0.466666666667 0.369938145908 
0.520408163265 0.544444444444 0.321440316436 
0.520408163265 0.622222222222 0.311550995017 
0.520408163265 0.7 0.312165413257 
0.528571428571 0.466666666667 0.371028063641 
0.528571428571 0.544444444444 0.319188932784 
0.528571428571 0.622222222222 0.307759992821 
0.528571428571 0.7 0.308326085933 
0.536734693878 0.466666666667 0.37271735587 
0.536734693878 0.544444444444 0.317024929544 
0.536734693878 0.622222222222 0.304128202179 
0.536734693878 0.7 0.304365220324 
0.544897959184 0.466666666667 0.374580277915 
0.544897959184 0.544444444444 0.3154047367 
0.544897959184 0.622222222222 0.30022963413 
0.544897959184 0.7 0.300531487144 
0.55306122449 0.466666666667 0.376593633728 
0.55306122449 0.544444444444 0.315209542907 
0.55306122449 0.622222222222 0.296704896247 
0.55306122449 0.7 0.296774734911 
0.561224489796 0.544444444444 0.315245783184 
0.561224489796 0.622222222222 0.293500032651 
0.561224489796 0.7 0.293176698285 
0.569387755102 0.544444444444 0.315312580739 
0.569387755102 0.622222222222 0.290352465306 
0.569387755102 0.7 0.289445484665 
0.577551020408 0.544444444444 0.3155309762 
0.577551020408 0.622222222222 0.287603850091 
0.577551020408 0.7 0.28585504338 
0.585714285714 0.544444444444 0.315928167652 
0.585714285714 0.622222222222 0.284874350979 
0.585714285714 0.7 0.28229884952 
0.59387755102 0.544444444444 0.316576358547 
0.59387755102 0.622222222222 0.2825623856 
0.59387755102 0.7 0.278776612089 
0.602040816327 0.544444444444 0.317471129602 
0.602040816327 0.622222222222 0.280278700672 
0.602040816327 0.7 0.275371759131 
0.610204081633 0.544444444444 0.318568106217 
0.610204081633 0.622222222222 0.278366650224 
0.610204081633 0.7 0.271927135997 
0.618367346939 0.544444444444 0.320180315804 
0.618367346939 0.622222222222 0.276604432606 
0.618367346939 0.7 0.26862857805 
0.626530612245 0.544444444444 0.321834163164 
0.626530612245 0.622222222222 0.275843697879 
0.626530612245 0.7 0.26545949768 
0.634693877551 0.544444444444 0.323881134194 
0.634693877551 0.622222222222 0.275794215116 
0.634693877551 0.7 0.26230614795 
0.642857142857 0.544444444444 0.325819597285 
0.642857142857 0.622222222222 0.2757373233 
0.642857142857 0.7 0.259575044148 
0.651020408163 0.544444444444 0.327922864172 
0.651020408163 0.622222222222 0.27588992333 
0.651020408163 0.7 0.257009381495 
0.659183673469 0.544444444444 0.329943916987 
0.659183673469 0.622222222222 0.276136759842 
0.659183673469 0.7 0.254493591864 
0.667346938776 0.544444444444 0.332073808848 
0.667346938776 0.622222222222 0.276626153576 
0.667346938776 0.7 0.252298728517 
0.675510204082 0.544444444444 0.334297402273 
0.675510204082 0.622222222222 0.277219865086 
0.675510204082 0.7 0.250194368978 
0.683673469388 0.544444444444 0.336643844963 
0.683673469388 0.622222222222 0.27815869879 
0.683673469388 0.7 0.24833281148 
0.691836734694 0.544444444444 0.339536025825 
0.691836734694 0.622222222222 0.279540680337 
0.691836734694 0.7 0.246616571023 
0.7 0.544444444444 0.342119195827 
0.7 0.622222222222 0.280940029215 
0.7 0.7 0.245444796549 
