0 0.688888888889 0.622502719363 
0 0.744444444444 0.611894595776 
0 0.8 0.602714414259 
0.0142857142857 0.688888888889 0.61297960155 
0.0142857142857 0.744444444444 0.602540439207 
0.0142857142857 0.8 0.594025010412 
0.0285714285714 0.688888888889 0.603153102532 
0.0285714285714 0.744444444444 0.593551825585 
0.0285714285714 0.8 0.585311501215 
0.0428571428571 0.688888888889 0.59316891009 
0.0428571428571 0.744444444444 0.584278510405 
0.0428571428571 0.8 0.576607093059 
0.0571428571429 0.688888888889 0.583727784912 
0.0571428571429 0.744444444444 0.575074707482 
0.0571428571429 0.8 0.568413982047 
0.0714285714286 0.688888888889 0.573811106197 
0.0714285714286 0.744444444444 0.56625287434 
0.0714285714286 0.8 0.560053556084 
0.0857142857143 0.688888888889 0.563972438008 
0.0857142857143 0.744444444444 0.556960197268 
0.0857142857143 0.8 0.551417245818 
0.1 0.688888888889 0.554605116215 
0.1 0.744444444444 0.547942928596 
0.1 0.8 0.542802720429 
0.114285714286 0.688888888889 0.54509673269 
0.114285714286 0.744444444444 0.539191553023 
0.114285714286 0.8 0.534531258379 
0.128571428571 0.688888888889 0.534923456626 
0.128571428571 0.744444444444 0.530058850844 
0.128571428571 0.8 0.526015998156 
0.142857142857 0.688888888889 0.525452459604 
0.142857142857 0.744444444444 0.520938021895 
0.142857142857 0.8 0.517422521294 
0.157142857143 0.688888888889 0.515598480201 
0.157142857143 0.744444444444 0.512093693164 
0.157142857143 0.8 0.509249254608 
0.171428571429 0.688888888889 0.506305570419 
0.171428571429 0.744444444444 0.503049876475 
0.171428571429 0.8 0.500681147288 
0.185714285714 0.688888888889 0.496811657117 
0.185714285714 0.744444444444 0.494249676692 
0.185714285714 0.8 0.492589356458 
0.2 0.688888888889 0.487269097498 
0.2 0.744444444444 0.485333385395 
0.2 0.8 0.48411085257 
0.214285714286 0.688888888889 0.477538390115 
0.214285714286 0.744444444444 0.476234615607 
0.214285714286 0.8 0.475642523279 
0.228571428571 0.633333333333 0.468985714064 
0.228571428571 0.688888888889 0.46820231802 
0.228571428571 0.744444444444 0.467406506428 
0.228571428571 0.8 0.467427872622 
0.242857142857 0.633333333333 0.458934522645 
0.242857142857 0.688888888889 0.458637708788 
0.242857142857 0.744444444444 0.458492245806 
0.242857142857 0.8 0.459103123353 
0.257142857143 0.522222222222 0.451107335363 
0.257142857143 0.577777777778 0.449102489487 
0.257142857143 0.633333333333 0.448681623658 
0.257142857143 0.688888888889 0.448970183356 
0.257142857143 0.744444444444 0.449813451624 
0.271428571429 0.466666666667 0.446777986237 
0.271428571429 0.522222222222 0.44000532037 
0.271428571429 0.577777777778 0.43824332087 
0.271428571429 0.633333333333 0.438692078514 
0.271428571429 0.688888888889 0.439716048526 
0.285714285714 0.466666666667 0.43543699468 
0.285714285714 0.522222222222 0.42941036625 
0.285714285714 0.577777777778 0.427587465625 
0.285714285714 0.633333333333 0.428596126057 
0.285714285714 0.688888888889 0.430342067561 
0.3 0.466666666667 0.424382428517 
0.3 0.522222222222 0.418798913413 
0.3 0.577777777778 0.417082800918 
0.3 0.633333333333 0.418499803361 
0.3 0.688888888889 0.420814361655 
0.314285714286 0.466666666667 0.414060595063 
0.314285714286 0.522222222222 0.408131228981 
0.314285714286 0.577777777778 0.406658129541 
0.314285714286 0.633333333333 0.408604688774 
0.314285714286 0.688888888889 0.41143063687 
0.328571428571 0.466666666667 0.404157827043 
0.328571428571 0.522222222222 0.397941031366 
0.328571428571 0.577777777778 0.396605198775 
0.328571428571 0.633333333333 0.398755060223 
0.328571428571 0.688888888889 0.402258202582 
0.342857142857 0.466666666667 0.394514979072 
0.342857142857 0.522222222222 0.387958117435 
0.342857142857 0.577777777778 0.386981493058 
0.342857142857 0.633333333333 0.38910929543 
0.342857142857 0.688888888889 0.393006090978 
0.357142857143 0.466666666667 0.385075936263 
0.357142857143 0.522222222222 0.37821914521 
0.357142857143 0.577777777778 0.37731258924 
0.357142857143 0.633333333333 0.379464914668 
0.357142857143 0.688888888889 0.383720507635 
0.371428571429 0.466666666667 0.375889650676 
0.371428571429 0.522222222222 0.369074444719 
0.371428571429 0.577777777778 0.367936109045 
0.371428571429 0.633333333333 0.370020842137 
0.371428571429 0.688888888889 0.374650163643 
0.385714285714 0.466666666667 0.366840296542 
0.385714285714 0.522222222222 0.360369075322 
0.385714285714 0.577777777778 0.358696232496 
0.385714285714 0.633333333333 0.360982139958 
0.385714285714 0.688888888889 0.365599478045 
0.4 0.466666666667 0.358131825763 
0.4 0.522222222222 0.351593673402 
0.4 0.577777777778 0.349691082014 
0.4 0.633333333333 0.352044070688 
0.4 0.688888888889 0.356584934746 
0.414285714286 0.466666666667 0.349740527136 
0.414285714286 0.522222222222 0.343226751238 
0.414285714286 0.577777777778 0.341034088652 
0.414285714286 0.633333333333 0.343377013895 
0.414285714286 0.688888888889 0.347773756243 
0.428571428571 0.466666666667 0.342381951531 
0.428571428571 0.522222222222 0.334972833539 
0.428571428571 0.577777777778 0.332725579235 
0.428571428571 0.633333333333 0.33472606695 
0.428571428571 0.688888888889 0.339169971065 
0.442857142857 0.466666666667 0.336810071954 
0.442857142857 0.522222222222 0.326973982557 
0.442857142857 0.577777777778 0.32460059792 
0.442857142857 0.633333333333 0.326380427241 
0.442857142857 0.688888888889 0.330730528411 
0.457142857143 0.466666666667 0.332624269264 
0.457142857143 0.522222222222 0.319101545638 
0.457142857143 0.577777777778 0.316990447673 
0.457142857143 0.633333333333 0.318150556612 
0.457142857143 0.688888888889 0.322832436404 
0.471428571429 0.466666666667 0.32981146277 
0.471428571429 0.522222222222 0.311624276472 
0.471428571429 0.577777777778 0.309447598565 
0.471428571429 0.633333333333 0.31012914082 
0.471428571429 0.688888888889 0.314843393284 
0.485714285714 0.466666666667 0.328920107229 
0.485714285714 0.522222222222 0.305365768076 
0.485714285714 0.577777777778 0.301879203129 
0.485714285714 0.633333333333 0.302731191146 
0.485714285714 0.688888888889 0.306819302181 
0.5 0.466666666667 0.328504034873 
0.5 0.522222222222 0.300660710293 
0.5 0.577777777778 0.294638952474 
0.5 0.633333333333 0.295498759332 
0.5 0.688888888889 0.29906051977 
0.514285714286 0.466666666667 0.329465486408 
0.514285714286 0.522222222222 0.296763173166 
0.514285714286 0.577777777778 0.287670545828 
0.514285714286 0.633333333333 0.288447007811 
0.514285714286 0.688888888889 0.29156882872 
0.528571428571 0.466666666667 0.33264847181 
0.528571428571 0.522222222222 0.294625245519 
0.528571428571 0.577777777778 0.280979942707 
0.528571428571 0.633333333333 0.281536279361 
0.528571428571 0.688888888889 0.284367625654 
0.542857142857 0.522222222222 0.293786204958 
0.542857142857 0.577777777778 0.275555852002 
0.542857142857 0.633333333333 0.274801548094 
0.542857142857 0.688888888889 0.277477983451 
0.542857142857 0.744444444444 0.28317966307 
0.557142857143 0.522222222222 0.293571556838 
0.557142857143 0.577777777778 0.271167828156 
0.557142857143 0.633333333333 0.268221110469 
0.557142857143 0.688888888889 0.270878615469 
0.557142857143 0.744444444444 0.276067981209 
0.571428571429 0.522222222222 0.294895748741 
0.571428571429 0.577777777778 0.267963103667 
0.571428571429 0.633333333333 0.26168510431 
0.571428571429 0.688888888889 0.264468758392 
0.571428571429 0.744444444444 0.269076968725 
0.585714285714 0.522222222222 0.297566986384 
0.585714285714 0.577777777778 0.26608112451 
0.585714285714 0.633333333333 0.255844874029 
0.585714285714 0.688888888889 0.25808527737 
0.585714285714 0.744444444444 0.262470047763 
0.6 0.522222222222 0.300955535866 
0.6 0.577777777778 0.26561095619 
0.6 0.633333333333 0.250832952842 
0.6 0.688888888889 0.251873048445 
0.6 0.744444444444 0.25608457312 
0.614285714286 0.577777777778 0.265419685404 
0.614285714286 0.633333333333 0.247129873846 
0.614285714286 0.688888888889 0.245861519769 
0.614285714286 0.744444444444 0.249987812636 
0.614285714286 0.8 0.256214108658 
0.628571428571 0.577777777778 0.266671950157 
0.628571428571 0.633333333333 0.244184192718 
0.628571428571 0.688888888889 0.240094944057 
0.628571428571 0.744444444444 0.244042270923 
0.628571428571 0.8 0.249795905726 
0.642857142857 0.577777777778 0.269419772742 
0.642857142857 0.633333333333 0.242797293697 
0.642857142857 0.688888888889 0.234464149436 
0.642857142857 0.744444444444 0.238178756465 
0.642857142857 0.8 0.243445415164 
0.657142857143 0.577777777778 0.27231890315 
0.657142857143 0.633333333333 0.242197110196 
0.657142857143 0.688888888889 0.230187672466 
0.657142857143 0.744444444444 0.232470398034 
0.657142857143 0.8 0.237622569628 
0.671428571429 0.577777777778 0.275798471934 
0.671428571429 0.633333333333 0.242169154135 
0.671428571429 0.688888888889 0.226722358386 
0.671428571429 0.744444444444 0.226924592174 
0.671428571429 0.8 0.23210377757 
0.685714285714 0.633333333333 0.243715741408 
0.685714285714 0.688888888889 0.224191679937 
0.685714285714 0.744444444444 0.221511211848 
0.685714285714 0.8 0.226471362766 
0.7 0.633333333333 0.24598397679 
0.7 0.688888888889 0.223035627792 
0.7 0.744444444444 0.216569836932 
0.7 0.8 0.221063018307 
