0 0.7 0.627242378617 
0.0142857142857 0.7 0.617793390287 
0.0285714285714 0.7 0.608364132193 
0.0428571428571 0.7 0.598960125636 
0.0571428571429 0.7 0.589604784752 
0.0714285714286 0.7 0.58028164179 
0.0857142857143 0.7 0.570970309376 
0.1 0.7 0.561671819609 
0.114285714286 0.7 0.552410138988 
0.128571428571 0.7 0.543181562098 
0.142857142857 0.7 0.533988857425 
0.157142857143 0.7 0.524846385922 
0.171428571429 0.7 0.515727305038 
0.185714285714 0.7 0.506652083622 
0.2 0.7 0.497626371629 
0.214285714286 0.7 0.48862542774 
0.228571428571 0.7 0.479680615527 
0.242857142857 0.7 0.470792733783 
0.257142857143 0.7 0.461935713944 
0.271428571429 0.7 0.453138744502 
0.285714285714 0.7 0.44439577853 
0.3 0.7 0.435681912424 
0.314285714286 0.7 0.427014121976 
0.328571428571 0.662229228323 0.418449907557 
0.328571428571 0.668229228323 0.418408278294 
0.328571428571 0.674229228323 0.418385907504 
0.328571428571 0.680229228323 0.418373823086 
0.328571428571 0.686229228323 0.418360797512 
0.328571428571 0.692229228323 0.418368682131 
0.328571428571 0.698229228323 0.418385643816 
0.328571428571 0.704229228323 0.418414149308 
0.328571428571 0.710229228323 0.41844131864 
0.342857142857 0.635438586501 0.409700564996 
0.342857142857 0.641438586501 0.409612860186 
0.342857142857 0.647438586501 0.409570199961 
0.342857142857 0.653438586501 0.409557903198 
0.342857142857 0.659438586501 0.409553552788 
0.342857142857 0.665438586501 0.409566898758 
0.342857142857 0.671438586501 0.409592819031 
0.342857142857 0.677438586501 0.409622443247 
0.342857142857 0.683438586501 0.40966731829 
0.357142857143 0.62783595746 0.400974229796 
0.357142857143 0.63383595746 0.400864712962 
0.357142857143 0.63983595746 0.40076863254 
0.357142857143 0.64583595746 0.400708093407 
0.357142857143 0.65183595746 0.400688389807 
0.357142857143 0.65783595746 0.40069624156 
0.357142857143 0.66383595746 0.400752362941 
0.357142857143 0.66983595746 0.400822010403 
0.357142857143 0.67583595746 0.400903583629 
0.371428571429 0.62904807461 0.392225791943 
0.371428571429 0.63504807461 0.392128035882 
0.371428571429 0.64104807461 0.392066494477 
0.371428571429 0.64704807461 0.392029785474 
0.371428571429 0.65304807461 0.392018424403 
0.371428571429 0.65904807461 0.392031656267 
0.371428571429 0.66504807461 0.39208301527 
0.371428571429 0.67104807461 0.392161562041 
0.371428571429 0.67704807461 0.392283484742 
0.385714285714 0.623427855162 0.383758596934 
0.385714285714 0.629427855162 0.3836593794 
0.385714285714 0.635427855162 0.383572908112 
0.385714285714 0.641427855162 0.383523760613 
0.385714285714 0.647427855162 0.383502473313 
0.385714285714 0.653427855162 0.38351314809 
0.385714285714 0.659427855162 0.383545741497 
0.385714285714 0.665427855162 0.383602233727 
0.385714285714 0.671427855162 0.383682410595 
0.4 0.622228762346 0.375360904098 
0.4 0.628228762346 0.375260321531 
0.4 0.634228762346 0.375186945786 
0.4 0.640228762346 0.375150158156 
0.4 0.646228762346 0.375136190499 
0.4 0.652228762346 0.375146119718 
0.4 0.658228762346 0.375187862672 
0.4 0.664228762346 0.375258804958 
0.4 0.670228762346 0.37535083 
0.414285714286 0.621303632317 0.367125951064 
0.414285714286 0.627303632317 0.367033165602 
0.414285714286 0.633303632317 0.366959527077 
0.414285714286 0.639303632317 0.366921505459 
0.414285714286 0.645303632317 0.366918438421 
0.414285714286 0.651303632317 0.366939890092 
0.414285714286 0.657303632317 0.366987383997 
0.414285714286 0.663303632317 0.36705641591 
0.414285714286 0.669303632317 0.367155828454 
0.428571428571 0.616643080045 0.359148559422 
0.428571428571 0.622643080045 0.359031574358 
0.428571428571 0.628643080045 0.35894189698 
0.428571428571 0.634643080045 0.358886429652 
0.428571428571 0.640643080045 0.358849923605 
0.428571428571 0.646643080045 0.358867165521 
0.428571428571 0.652643080045 0.358899365716 
0.428571428571 0.658643080045 0.358960331473 
0.428571428571 0.664643080045 0.359044441068 
0.442857142857 0.616855847057 0.351275739372 
0.442857142857 0.622855847057 0.351143068739 
0.442857142857 0.628855847057 0.35104266271 
0.442857142857 0.634855847057 0.350991079549 
0.442857142857 0.640855847057 0.350966595879 
0.442857142857 0.646855847057 0.350974603841 
0.442857142857 0.652855847057 0.351006017101 
0.442857142857 0.658855847057 0.35107563833 
0.442857142857 0.664855847057 0.351168634521 
0.457142857143 0.620924701261 0.343491927442 
0.457142857143 0.626924701261 0.343383999629 
0.457142857143 0.632924701261 0.343306028561 
0.457142857143 0.638924701261 0.343263697555 
0.457142857143 0.644924701261 0.343244955343 
0.457142857143 0.650924701261 0.343277574537 
0.457142857143 0.656924701261 0.343334342292 
0.457142857143 0.662924701261 0.343420310926 
0.457142857143 0.668924701261 0.343524869884 
0.471428571429 0.621257399252 0.336030477422 
0.471428571429 0.627257399252 0.33588570216 
0.471428571429 0.633257399252 0.335796910101 
0.471428571429 0.639257399252 0.335745529202 
0.471428571429 0.645257399252 0.335724464653 
0.471428571429 0.651257399252 0.335741606258 
0.471428571429 0.657257399252 0.33578413833 
0.471428571429 0.663257399252 0.335872676254 
0.471428571429 0.669257399252 0.335982876259 
0.485714285714 0.625665074673 0.328649133919 
0.485714285714 0.631665074673 0.328534422023 
0.485714285714 0.637665074673 0.328454394723 
0.485714285714 0.643665074673 0.328396877132 
0.485714285714 0.649665074673 0.328383112586 
0.485714285714 0.655665074673 0.328418974176 
0.485714285714 0.661665074673 0.328478495304 
0.485714285714 0.667665074673 0.32857365873 
0.485714285714 0.673665074673 0.32868720003 
0.5 0.631823649716 0.321439254073 
0.5 0.637823649716 0.321341093978 
0.5 0.643823649716 0.321278786653 
0.5 0.649823649716 0.321256128409 
0.5 0.655823649716 0.321252730893 
0.5 0.661823649716 0.32130024672 
0.5 0.667823649716 0.321381446132 
0.5 0.673823649716 0.321489085363 
0.5 0.679823649716 0.321631138734 
0.514285714286 0.627054971203 0.314614712695 
0.514285714286 0.633054971203 0.314489303458 
0.514285714286 0.639054971203 0.314407449903 
0.514285714286 0.645054971203 0.31433609005 
0.514285714286 0.651054971203 0.314297930589 
0.514285714286 0.657054971203 0.314302294822 
0.514285714286 0.663054971203 0.314334522927 
0.514285714286 0.669054971203 0.314398088609 
0.514285714286 0.675054971203 0.314489035425 
0.528571428571 0.630742708061 0.307786489767 
0.528571428571 0.636742708061 0.307661853471 
0.528571428571 0.642742708061 0.307588027434 
0.528571428571 0.648742708061 0.307542923272 
0.528571428571 0.654742708061 0.307525847667 
0.528571428571 0.660742708061 0.307536190382 
0.528571428571 0.666742708061 0.307566974254 
0.528571428571 0.672742708061 0.307630407748 
0.528571428571 0.678742708061 0.307728604233 
0.542857142857 0.62972100191 0.301275682236 
0.542857142857 0.63572100191 0.301122019451 
0.542857142857 0.64172100191 0.301015404901 
0.542857142857 0.64772100191 0.300938666556 
0.542857142857 0.65372100191 0.300903422037 
0.542857142857 0.65972100191 0.300904761111 
0.542857142857 0.66572100191 0.300930208086 
0.542857142857 0.67172100191 0.300986012413 
0.542857142857 0.67772100191 0.301066999302 
0.557142857143 0.633336354411 0.294868709177 
0.557142857143 0.639336354411 0.294691787977 
0.557142857143 0.645336354411 0.294567554361 
0.557142857143 0.651336354411 0.294492074781 
0.557142857143 0.657336354411 0.294449711029 
0.557142857143 0.663336354411 0.294449826393 
0.557142857143 0.669336354411 0.294488857467 
0.557142857143 0.675336354411 0.294543503296 
0.557142857143 0.681336354411 0.294634660638 
0.571428571429 0.638528441301 0.288659376396 
0.571428571429 0.644528441301 0.288439258992 
0.571428571429 0.650528441301 0.288305206754 
0.571428571429 0.656528441301 0.28821625758 
0.571428571429 0.662528441301 0.288169827124 
0.571428571429 0.668528441301 0.288172767639 
0.571428571429 0.674528441301 0.288210513786 
0.571428571429 0.680528441301 0.288282400968 
0.571428571429 0.686528441301 0.288380906878 
0.585714285714 0.647161901275 0.282670836508 
0.585714285714 0.653161901275 0.282329970441 
0.585714285714 0.659161901275 0.282183875404 
0.585714285714 0.665161901275 0.282109420181 
0.585714285714 0.671161901275 0.282076596568 
0.585714285714 0.677161901275 0.282092988019 
0.585714285714 0.683161901275 0.28215263817 
0.585714285714 0.689161901275 0.282240598067 
0.585714285714 0.695161901275 0.282362763658 
0.6 0.658240488112 0.276769554661 
0.6 0.664240488112 0.276415957282 
0.6 0.670240488112 0.276228244568 
0.6 0.676240488112 0.276178940312 
0.6 0.682240488112 0.276179134842 
0.6 0.688240488112 0.276224793463 
0.6 0.694240488112 0.276311882276 
0.6 0.700240488112 0.276428230434 
0.6 0.706240488112 0.276582649095 
0.614285714286 0.665707422572 0.271364239904 
0.614285714286 0.671707422572 0.270942466469 
0.614285714286 0.677707422572 0.270629396365 
0.614285714286 0.683707422572 0.27046227073 
0.614285714286 0.689707422572 0.270463410193 
0.614285714286 0.695707422572 0.270510833768 
0.614285714286 0.701707422572 0.270592649384 
0.614285714286 0.707707422572 0.270714851436 
0.614285714286 0.713707422572 0.270878266481 
0.628571428571 0.7 0.264943861141 
0.642857142857 0.7 0.259898842378 
0.657142857143 0.7 0.255506877694 
0.671428571429 0.7 0.251664356179 
0.685714285714 0.7 0.248411074568 
0.7 0.7 0.245690571962 
