0 0.688888888889 0.613276729647 
0 0.744444444444 0.602765005361 
0 0.8 0.593745542648 
0.0142857142857 0.688888888889 0.603692894298 
0.0142857142857 0.744444444444 0.593642418694 
0.0142857142857 0.8 0.585260418432 
0.0285714285714 0.688888888889 0.593855404664 
0.0285714285714 0.744444444444 0.584557627002 
0.0285714285714 0.8 0.576760841496 
0.0428571428571 0.688888888889 0.584276138054 
0.0428571428571 0.744444444444 0.575431284946 
0.0428571428571 0.8 0.568291240676 
0.0571428571429 0.688888888889 0.574418128618 
0.0571428571429 0.744444444444 0.566608458802 
0.0571428571429 0.8 0.559827242707 
0.0714285714286 0.688888888889 0.564828655833 
0.0714285714286 0.744444444444 0.557510692839 
0.0714285714286 0.8 0.551351463439 
0.0857142857143 0.688888888889 0.55511169836 
0.0857142857143 0.744444444444 0.548619770515 
0.0857142857143 0.8 0.543119326706 
0.1 0.688888888889 0.545441255207 
0.1 0.744444444444 0.539502434024 
0.1 0.8 0.534660258016 
0.114285714286 0.688888888889 0.535914914419 
0.114285714286 0.744444444444 0.530658263341 
0.114285714286 0.8 0.52616141539 
0.128571428571 0.688888888889 0.526297829166 
0.128571428571 0.744444444444 0.521499949144 
0.128571428571 0.8 0.517949807587 
0.142857142857 0.688888888889 0.516793416242 
0.142857142857 0.744444444444 0.512683871814 
0.142857142857 0.8 0.509464769996 
0.157142857143 0.688888888889 0.507318977619 
0.157142857143 0.744444444444 0.503858776321 
0.157142857143 0.8 0.501212301957 
0.171428571429 0.688888888889 0.497831096432 
0.171428571429 0.744444444444 0.494900217492 
0.171428571429 0.8 0.492717477634 
0.185714285714 0.688888888889 0.488074849192 
0.185714285714 0.744444444444 0.485976135276 
0.185714285714 0.8 0.484485840035 
0.2 0.688888888889 0.47860303738 
0.2 0.744444444444 0.477208078725 
0.2 0.8 0.476232354524 
0.214285714286 0.688888888889 0.469101229429 
0.214285714286 0.744444444444 0.468333604299 
0.214285714286 0.8 0.467899855527 
0.228571428571 0.633333333333 0.460002546699 
0.228571428571 0.688888888889 0.459778473304 
0.228571428571 0.744444444444 0.459559920039 
0.228571428571 0.8 0.45958799516 
0.242857142857 0.411111111111 0.459340114223 
0.242857142857 0.466666666667 0.450777197025 
0.242857142857 0.522222222222 0.449246035021 
0.242857142857 0.577777777778 0.449396009922 
0.242857142857 0.633333333333 0.449712466226 
0.257142857143 0.411111111111 0.446773485422 
0.257142857143 0.466666666667 0.438446603375 
0.257142857143 0.522222222222 0.437052932448 
0.257142857143 0.577777777778 0.438234736707 
0.257142857143 0.633333333333 0.439614178082 
0.271428571429 0.411111111111 0.434914953168 
0.271428571429 0.466666666667 0.426457909275 
0.271428571429 0.522222222222 0.424974183493 
0.271428571429 0.577777777778 0.427072629321 
0.271428571429 0.633333333333 0.429378723631 
0.285714285714 0.411111111111 0.423582515519 
0.285714285714 0.466666666667 0.414749616261 
0.285714285714 0.522222222222 0.413091670652 
0.285714285714 0.577777777778 0.415972398273 
0.285714285714 0.633333333333 0.419026972115 
0.3 0.411111111111 0.412625755629 
0.3 0.466666666667 0.40325869712 
0.3 0.522222222222 0.401666716408 
0.3 0.577777777778 0.404934092143 
0.3 0.633333333333 0.4088164265 
0.314285714286 0.411111111111 0.401952416252 
0.314285714286 0.466666666667 0.392395224064 
0.314285714286 0.522222222222 0.390390850713 
0.314285714286 0.577777777778 0.393787669749 
0.314285714286 0.633333333333 0.39861027704 
0.328571428571 0.411111111111 0.391482120466 
0.328571428571 0.466666666667 0.381956737321 
0.328571428571 0.522222222222 0.379843116155 
0.328571428571 0.577777777778 0.382867125782 
0.328571428571 0.633333333333 0.388428123269 
0.342857142857 0.411111111111 0.380978406285 
0.342857142857 0.466666666667 0.371961211404 
0.342857142857 0.522222222222 0.369462264263 
0.342857142857 0.577777777778 0.372162487387 
0.342857142857 0.633333333333 0.378447835919 
0.357142857143 0.411111111111 0.370599549964 
0.357142857143 0.466666666667 0.362307739871 
0.357142857143 0.522222222222 0.359302897065 
0.357142857143 0.577777777778 0.361754760029 
0.357142857143 0.633333333333 0.368239284329 
0.371428571429 0.411111111111 0.361092268675 
0.371428571429 0.466666666667 0.352938248585 
0.371428571429 0.522222222222 0.349653374505 
0.371428571429 0.577777777778 0.351884227292 
0.371428571429 0.633333333333 0.358212955451 
0.385714285714 0.411111111111 0.35276898304 
0.385714285714 0.466666666667 0.343706770952 
0.385714285714 0.522222222222 0.340442189649 
0.385714285714 0.577777777778 0.342265846847 
0.385714285714 0.633333333333 0.348298286938 
0.4 0.411111111111 0.345555652945 
0.4 0.466666666667 0.334644828326 
0.4 0.522222222222 0.331419470798 
0.4 0.577777777778 0.333010852442 
0.4 0.633333333333 0.338401543418 
0.414285714286 0.411111111111 0.34019076828 
0.414285714286 0.466666666667 0.325585748194 
0.414285714286 0.522222222222 0.322905609402 
0.414285714286 0.577777777778 0.323865717755 
0.414285714286 0.633333333333 0.329089635164 
0.428571428571 0.411111111111 0.337474565077 
0.428571428571 0.466666666667 0.317165106574 
0.428571428571 0.522222222222 0.314477178734 
0.428571428571 0.577777777778 0.315092711436 
0.428571428571 0.633333333333 0.319998842986 
0.442857142857 0.411111111111 0.336387487518 
0.442857142857 0.466666666667 0.309903589538 
0.442857142857 0.522222222222 0.306303332188 
0.442857142857 0.577777777778 0.306594761801 
0.442857142857 0.633333333333 0.311346456337 
0.457142857143 0.411111111111 0.33662331669 
0.457142857143 0.466666666667 0.303862779688 
0.457142857143 0.522222222222 0.298045267662 
0.457142857143 0.577777777778 0.298723380572 
0.457142857143 0.633333333333 0.30283226959 
0.471428571429 0.411111111111 0.338636824256 
0.471428571429 0.466666666667 0.299384108606 
0.471428571429 0.522222222222 0.289934697119 
0.471428571429 0.577777777778 0.291003626445 
0.471428571429 0.633333333333 0.294458403371 
0.485714285714 0.411111111111 0.341596651202 
0.485714285714 0.466666666667 0.297189754451 
0.485714285714 0.522222222222 0.282661224062 
0.485714285714 0.577777777778 0.283349267863 
0.485714285714 0.633333333333 0.28660978883 
0.5 0.466666666667 0.296146317325 
0.5 0.522222222222 0.276457086801 
0.5 0.577777777778 0.275905550292 
0.5 0.633333333333 0.279013746824 
0.5 0.688888888889 0.285214109435 
0.514285714286 0.466666666667 0.296496664818 
0.514285714286 0.522222222222 0.270887467119 
0.514285714286 0.577777777778 0.268597316724 
0.514285714286 0.633333333333 0.27175356676 
0.514285714286 0.688888888889 0.277492534837 
0.528571428571 0.466666666667 0.298616897617 
0.528571428571 0.522222222222 0.267304430235 
0.528571428571 0.577777777778 0.261321155899 
0.528571428571 0.633333333333 0.264723354138 
0.528571428571 0.688888888889 0.26989568839 
0.542857142857 0.466666666667 0.301216562728 
0.542857142857 0.522222222222 0.265351390163 
0.542857142857 0.577777777778 0.25486338931 
0.542857142857 0.633333333333 0.257864469468 
0.542857142857 0.688888888889 0.262623413152 
0.557142857143 0.466666666667 0.304377066736 
0.557142857143 0.522222222222 0.264612789465 
0.557142857143 0.577777777778 0.249073491581 
0.557142857143 0.633333333333 0.251119768281 
0.557142857143 0.688888888889 0.255679214672 
0.571428571429 0.522222222222 0.265386213525 
0.571428571429 0.577777777778 0.244395772098 
0.571428571429 0.633333333333 0.244209009263 
0.571428571429 0.688888888889 0.249130487385 
0.571428571429 0.744444444444 0.255998315128 
0.585714285714 0.522222222222 0.267076298218 
0.585714285714 0.577777777778 0.241240828068 
0.585714285714 0.633333333333 0.237841414251 
0.585714285714 0.688888888889 0.242593923427 
0.585714285714 0.744444444444 0.249018761508 
0.6 0.522222222222 0.269533959714 
0.6 0.577777777778 0.239812094787 
0.6 0.633333333333 0.231811097775 
0.6 0.688888888889 0.236276928264 
0.6 0.744444444444 0.242278418353 
0.614285714286 0.522222222222 0.2722975213 
0.614285714286 0.577777777778 0.239169457666 
0.614285714286 0.633333333333 0.226866248943 
0.614285714286 0.688888888889 0.230084493619 
0.614285714286 0.744444444444 0.235921383345 
0.628571428571 0.522222222222 0.275713461294 
0.628571428571 0.577777777778 0.239824390893 
0.628571428571 0.633333333333 0.222542523115 
0.628571428571 0.688888888889 0.22398623157 
0.628571428571 0.744444444444 0.229810131847 
0.642857142857 0.577777777778 0.241734695829 
0.642857142857 0.633333333333 0.220040715334 
0.642857142857 0.688888888889 0.217819485763 
0.642857142857 0.744444444444 0.223845940172 
0.642857142857 0.8 0.230931807341 
0.657142857143 0.577777777778 0.243867062119 
0.657142857143 0.633333333333 0.2186187299 
0.657142857143 0.688888888889 0.212583686299 
0.657142857143 0.744444444444 0.218038761023 
0.657142857143 0.8 0.224744041413 
0.671428571429 0.577777777778 0.246522519079 
0.671428571429 0.633333333333 0.218212536449 
0.671428571429 0.688888888889 0.207910636466 
0.671428571429 0.744444444444 0.212313014547 
0.671428571429 0.8 0.218983833218 
0.685714285714 0.577777777778 0.249386506514 
0.685714285714 0.633333333333 0.219187819309 
0.685714285714 0.688888888889 0.204163706203 
0.685714285714 0.744444444444 0.206567360229 
0.685714285714 0.8 0.213223989337 
0.7 0.633333333333 0.220665528786 
0.7 0.688888888889 0.201997871076 
0.7 0.744444444444 0.201113261972 
0.7 0.8 0.207753164438 
