0 0.7 0.632038002152 
0.0142857142857 0.7 0.622673014045 
0.0285714285714 0.7 0.613350500104 
0.0428571428571 0.7 0.604052804529 
0.0571428571429 0.7 0.594785164188 
0.0714285714286 0.7 0.585535719495 
0.0857142857143 0.7 0.576338080982 
0.1 0.7 0.567225017673 
0.114285714286 0.7 0.558180838556 
0.128571428571 0.7 0.549229040723 
0.142857142857 0.7 0.540328210546 
0.157142857143 0.7 0.531474863287 
0.171428571429 0.7 0.522666106211 
0.185714285714 0.7 0.513872957286 
0.2 0.7 0.505139712043 
0.214285714286 0.7 0.496448661954 
0.228571428571 0.7 0.487806334453 
0.242857142857 0.7 0.479191499312 
0.257142857143 0.7 0.47062170867 
0.271428571429 0.7 0.462092341377 
0.285714285714 0.7 0.453601193883 
0.3 0.7 0.445107923226 
0.314285714286 0.7 0.436617081264 
0.328571428571 0.7 0.428144573713 
0.342857142857 0.7 0.419689371519 
0.357142857143 0.7 0.411365616372 
0.371428571429 0.6965 0.403137873176 
0.371428571429 0.6895 0.403162418887 
0.371428571429 0.693 0.403144097421 
0.371428571429 0.7 0.403138217088 
0.371428571429 0.7035 0.403140822309 
0.371428571429 0.707 0.403137323387 
0.371428571429 0.7105 0.403141496199 
0.385714285714 0.678395301078 0.394830024228 
0.385714285714 0.667895301078 0.394839341174 
0.385714285714 0.671395301078 0.394837671045 
0.385714285714 0.674895301078 0.394832946021 
0.385714285714 0.681895301078 0.394841482747 
0.385714285714 0.685395301078 0.394846838065 
0.385714285714 0.688895301078 0.394868260039 
0.4 0.670134980586 0.386490698915 
0.4 0.659634980586 0.38652687874 
0.4 0.663134980586 0.386501018853 
0.4 0.666634980586 0.386489733427 
0.4 0.673634980586 0.386505846049 
0.4 0.677134980586 0.386534636242 
0.4 0.680634980586 0.386560667959 
0.414285714286 0.671914519236 0.378324279356 
0.414285714286 0.661414519236 0.378388654704 
0.414285714286 0.664914519236 0.378352696935 
0.414285714286 0.668414519236 0.37832991977 
0.414285714286 0.675414519236 0.378334171654 
0.414285714286 0.678914519236 0.378360853304 
0.414285714286 0.682414519236 0.378400881374 
0.428571428571 0.676796807879 0.370388873659 
0.428571428571 0.666296807879 0.370438880362 
0.428571428571 0.669796807879 0.370409365453 
0.428571428571 0.673296807879 0.370388301886 
0.428571428571 0.680296807879 0.370402189459 
0.428571428571 0.683796807879 0.370425383111 
0.428571428571 0.687296807879 0.370464126178 
0.442857142857 0.676614236185 0.362655504945 
0.442857142857 0.666114236185 0.362703059024 
0.442857142857 0.669614236185 0.362669087235 
0.442857142857 0.673114236185 0.362661211947 
0.442857142857 0.680114236185 0.362654030233 
0.442857142857 0.683614236185 0.362671457411 
0.442857142857 0.687114236185 0.362699281735 
0.457142857143 0.677850727428 0.355077345071 
0.457142857143 0.667350727428 0.355121159063 
0.457142857143 0.670850727428 0.355095410529 
0.457142857143 0.674350727428 0.355081123327 
0.457142857143 0.681350727428 0.355088008635 
0.457142857143 0.684850727428 0.355101585399 
0.457142857143 0.688350727428 0.355132045886 
0.471428571429 0.676836141877 0.347678749541 
0.471428571429 0.669836141877 0.347713401575 
0.471428571429 0.673336141877 0.347698108457 
0.471428571429 0.680336141877 0.347673619605 
0.471428571429 0.683836141877 0.347684707008 
0.471428571429 0.687336141877 0.34770449526 
0.471428571429 0.690836141877 0.347737031048 
0.485714285714 0.68126256124 0.34045183385 
0.485714285714 0.67076256124 0.340489382398 
0.485714285714 0.67426256124 0.340470451483 
0.485714285714 0.67776256124 0.340456125552 
0.485714285714 0.68476256124 0.340459369875 
0.485714285714 0.68826256124 0.340476558537 
0.485714285714 0.69176256124 0.340496453407 
0.5 0.677045098514 0.333369988268 
0.5 0.666545098514 0.333402509352 
0.5 0.670045098514 0.333386119658 
0.5 0.673545098514 0.333371561292 
0.5 0.680545098514 0.333369425281 
0.5 0.684045098514 0.333380123544 
0.5 0.687545098514 0.333397310272 
0.514285714286 0.673557484778 0.326393543271 
0.514285714286 0.666557484778 0.326439330082 
0.514285714286 0.670057484778 0.326400055067 
0.514285714286 0.677057484778 0.326394688777 
0.514285714286 0.680557484778 0.326408953155 
0.514285714286 0.684057484778 0.326427651661 
0.514285714286 0.687557484778 0.326451935221 
0.528571428571 0.680512436714 0.319579683422 
0.528571428571 0.670012436714 0.31964816667 
0.528571428571 0.673512436714 0.319616800362 
0.528571428571 0.677012436714 0.319599881951 
0.528571428571 0.684012436714 0.31959065675 
0.528571428571 0.687512436714 0.319615778939 
0.528571428571 0.691012436714 0.319648024774 
0.542857142857 0.679682674222 0.312970330441 
0.542857142857 0.672682674222 0.312987455945 
0.542857142857 0.676182674222 0.312979830456 
0.542857142857 0.683182674222 0.312977170491 
0.542857142857 0.686682674222 0.31297773047 
0.542857142857 0.690182674222 0.312985546591 
0.542857142857 0.693682674222 0.313004436382 
0.557142857143 0.680166439198 0.306467370871 
0.557142857143 0.673166439198 0.306511111455 
0.557142857143 0.676666439198 0.306480676798 
0.557142857143 0.683666439198 0.306474080983 
0.557142857143 0.687166439198 0.306480345315 
0.557142857143 0.690666439198 0.306507008301 
0.557142857143 0.694166439198 0.306529233897 
0.571428571429 0.687005394004 0.300147306308 
0.571428571429 0.676505394004 0.300195397279 
0.571428571429 0.680005394004 0.300164595515 
0.571428571429 0.683505394004 0.300155878714 
0.571428571429 0.690505394004 0.300148088232 
0.571428571429 0.694005394004 0.300162727899 
0.571428571429 0.697505394004 0.300189299203 
0.585714285714 0.693797261819 0.293985557545 
0.585714285714 0.683297261819 0.29401856195 
0.585714285714 0.686797261819 0.29400244769 
0.585714285714 0.690297261819 0.293991414583 
0.585714285714 0.697297261819 0.294000988794 
0.585714285714 0.700797261819 0.294027614014 
0.585714285714 0.704297261819 0.294056679155 
0.6 0.69406225 0.287991301471 
0.6 0.68706225 0.288037162625 
0.6 0.69056225 0.288005419012 
0.6 0.69756225 0.287997292842 
0.6 0.70106225 0.288011738474 
0.6 0.70456225 0.288030915308 
0.6 0.70806225 0.288054441128 
0.614285714286 0.7 0.282174784614 
0.628571428571 0.7 0.276751965059 
0.642857142857 0.7 0.271734122812 
0.657142857143 0.7 0.267085563589 
0.671428571429 0.7 0.26283566582 
0.685714285714 0.7 0.259024903804 
0.7 0.7 0.255899195006 
