0.214285714286 0.7 0.609788803516 
0.214285714286 0.7 0.60043999334 
0.214285714286 0.7 0.5908757273 
0.214285714286 0.7 0.581210985754 
0.214285714286 0.7 0.571735818135 
0.214285714286 0.7 0.56230254459 
0.214285714286 0.7 0.552703904203 
0.228571428571 0.7 0.543301825778 
0.228571428571 0.7 0.533563547809 
0.228571428571 0.7 0.524380333256 
0.228571428571 0.7 0.514951265079 
0.228571428571 0.7 0.505614312657 
0.228571428571 0.7 0.49630737435 
0.228571428571 0.7 0.486917321445 
0.242857142857 0.7 0.47754430743 
0.242857142857 0.69406225 0.468268985529 
0.242857142857 0.68706225 0.468451616565 
0.242857142857 0.69056225 0.468451810143 
0.242857142857 0.69756225 0.468274847393 
0.242857142857 0.70106225 0.468241680635 
0.242857142857 0.70456225 0.468102886938 
0.257142857143 0.70806225 0.468084605176 
0.257142857143 0.690421133732 0.458916427846 
0.257142857143 0.679921133732 0.458998123696 
0.257142857143 0.683421133732 0.45899050041 
0.257142857143 0.686921133732 0.458994877272 
0.257142857143 0.697421133732 0.458946199234 
0.257142857143 0.700921133732 0.458994774697 
0.271428571429 0.704421133732 0.458898912618 
0.271428571429 0.604788370049 0.448786302365 
0.271428571429 0.594288370049 0.448808812423 
0.271428571429 0.597788370049 0.448859332519 
0.271428571429 0.601288370049 0.448873418892 
0.271428571429 0.608288370049 0.448915203692 
0.271428571429 0.611788370049 0.448875538031 
0.285714285714 0.615288370049 0.448923428643 
0.285714285714 0.497635193538 0.436202806037 
0.285714285714 0.490635193538 0.436374978956 
0.285714285714 0.494135193538 0.436319679739 
0.285714285714 0.501135193538 0.436275217181 
0.285714285714 0.504635193538 0.436255561064 
0.285714285714 0.508135193538 0.436263013684 
0.3 0.511635193538 0.436278666442 
0.3 0.500889441759 0.424043142959 
0.3 0.493889441759 0.424231017981 
0.3 0.497389441759 0.424108467881 
0.3 0.504389441759 0.424037671979 
0.3 0.507889441759 0.424068122353 
0.3 0.511389441759 0.424098775555 
0.314285714286 0.514889441759 0.424127153892 
0.314285714286 0.511103336517 0.412204126042 
0.314285714286 0.500603336517 0.412222913597 
0.314285714286 0.504103336517 0.412315321989 
0.314285714286 0.507603336517 0.412231216745 
0.314285714286 0.514603336517 0.412355652121 
0.314285714286 0.518103336517 0.412315451818 
0.328571428571 0.521603336517 0.412471538946 
0.328571428571 0.511571046119 0.400815735396 
0.328571428571 0.504571046119 0.40098286904 
0.328571428571 0.508071046119 0.400984638938 
0.328571428571 0.515071046119 0.400925616696 
0.328571428571 0.518571046119 0.400868013664 
0.328571428571 0.522071046119 0.401001967911 
0.342857142857 0.525571046119 0.401001293503 
0.342857142857 0.518644184982 0.389958211067 
0.342857142857 0.508144184982 0.389959289307 
0.342857142857 0.511644184982 0.389981520165 
0.342857142857 0.515144184982 0.389990110855 
0.342857142857 0.522144184982 0.389950547561 
0.342857142857 0.525644184982 0.390062364916 
0.357142857143 0.529144184982 0.390109001354 
0.357142857143 0.513481336587 0.379349844056 
0.357142857143 0.506481336587 0.379385380833 
0.357142857143 0.509981336587 0.37934297568 
0.357142857143 0.516981336587 0.379306647 
0.357142857143 0.520481336587 0.379315310426 
0.357142857143 0.523981336587 0.379320250704 
0.371428571429 0.527481336587 0.379324277502 
0.371428571429 0.512311613019 0.368945066217 
0.371428571429 0.501811613019 0.368986814841 
0.371428571429 0.505311613019 0.369066592752 
0.371428571429 0.508811613019 0.369033448878 
0.371428571429 0.515811613019 0.368991152323 
0.371428571429 0.519311613019 0.368945905665 
0.385714285714 0.526311613019 0.368966633861 
0.385714285714 0.517083574949 0.358785373032 
0.385714285714 0.506583574949 0.358970060953 
0.385714285714 0.513583574949 0.358891470618 
0.385714285714 0.520583574949 0.358953091801 
0.385714285714 0.524083574949 0.358911396893 
0.385714285714 0.527583574949 0.358964904365 
0.4 0.531083574949 0.358984096818 
0.4 0.523051928777 0.349138065124 
0.4 0.512551928777 0.349389131271 
0.4 0.516051928777 0.349300765383 
0.4 0.519551928777 0.349165769918 
0.4 0.526551928777 0.349146693575 
0.4 0.530051928777 0.349103888534 
0.414285714286 0.533551928777 0.349347839816 
0.414285714286 0.526299442653 0.339830366256 
0.414285714286 0.519299442653 0.33998891922 
0.414285714286 0.522799442653 0.339952972908 
0.414285714286 0.529799442653 0.33989989327 
0.414285714286 0.533299442653 0.339865361569 
0.414285714286 0.536799442653 0.339832706458 
0.428571428571 0.540299442653 0.339938853809 
0.428571428571 0.537680090935 0.330794918717 
0.428571428571 0.527180090935 0.330933959123 
0.428571428571 0.530680090935 0.330877994193 
0.428571428571 0.534180090935 0.330809202117 
0.428571428571 0.541180090935 0.330865069733 
0.428571428571 0.544680090935 0.330945768923 
0.442857142857 0.548180090935 0.330995851086 
0.442857142857 0.548609331267 0.322204246198 
0.442857142857 0.538109331267 0.322202319591 
0.442857142857 0.541609331267 0.322280529051 
0.442857142857 0.545109331267 0.322223886057 
0.442857142857 0.552109331267 0.322265491421 
0.442857142857 0.555609331267 0.322350408362 
0.457142857143 0.559109331267 0.322465275857 
0.457142857143 0.545226251294 0.313800082394 
0.457142857143 0.534726251294 0.313928354353 
0.457142857143 0.538226251294 0.313862401143 
0.457142857143 0.541726251294 0.313862754308 
0.457142857143 0.548726251294 0.313900529343 
0.457142857143 0.552226251294 0.313928272763 
0.471428571429 0.559226251294 0.31391640056 
0.471428571429 0.552940427222 0.305802498568 
0.471428571429 0.542440427222 0.305754562602 
0.471428571429 0.545940427222 0.305756821213 
0.471428571429 0.549440427222 0.305754414577 
0.471428571429 0.556440427222 0.305815390807 
0.471428571429 0.559940427222 0.305878979258 
0.485714285714 0.563440427222 0.305939526031 
0.485714285714 0.53137332367 0.297700434725 
0.485714285714 0.52437332367 0.297683494863 
0.485714285714 0.52787332367 0.297763780891 
0.485714285714 0.53487332367 0.297755708123 
0.485714285714 0.53837332367 0.297770695708 
0.485714285714 0.54187332367 0.297771870074 
0.5 0.54537332367 0.297759626407 
0.5 0.520463374419 0.289717862582 
0.5 0.513463374419 0.289943263843 
0.5 0.516963374419 0.289837090558 
0.5 0.523963374419 0.289698342596 
0.5 0.527463374419 0.289784026316 
0.5 0.530963374419 0.289787846802 
0.514285714286 0.534463374419 0.289787870551 
0.514285714286 0.535988498803 0.282051105082 
0.514285714286 0.525488498803 0.282254209327 
0.514285714286 0.528988498803 0.282056826433 
0.514285714286 0.532488498803 0.281959091752 
0.514285714286 0.539488498803 0.282150795888 
0.514285714286 0.542988498803 0.282186077475 
0.528571428571 0.546488498803 0.282225612051 
0.528571428571 0.548729322638 0.274593181111 
0.528571428571 0.538229322638 0.274815830952 
0.528571428571 0.541729322638 0.274698651769 
0.528571428571 0.545229322638 0.274672179936 
0.528571428571 0.552229322638 0.274769033509 
0.528571428571 0.555729322638 0.274817804955 
0.542857142857 0.559229322638 0.275008594531 
0.542857142857 0.554825686439 0.267639696617 
0.542857142857 0.547825686439 0.267853350233 
0.542857142857 0.551325686439 0.267707966883 
0.542857142857 0.558325686439 0.267623223884 
0.542857142857 0.561825686439 0.267707283203 
0.542857142857 0.565325686439 0.267837426883 
0.557142857143 0.568825686439 0.267952276177 
0.557142857143 0.56962347003 0.26096269094 
0.557142857143 0.55912347003 0.261263935269 
0.557142857143 0.56262347003 0.261031301541 
0.557142857143 0.56612347003 0.26095073878 
0.557142857143 0.57312347003 0.261013507518 
0.557142857143 0.57662347003 0.261048979249 
0.571428571429 0.58012347003 0.261177176004 
0.571428571429 0.579468668609 0.254489634873 
0.571428571429 0.572468668609 0.254673988188 
0.571428571429 0.575968668609 0.254644602438 
0.571428571429 0.582968668609 0.25455967936 
0.571428571429 0.586468668609 0.254593525195 
0.571428571429 0.589968668609 0.254665095517 
0.585714285714 0.593468668609 0.254900202554 
0.585714285714 0.593308794227 0.24837031887 
0.585714285714 0.582808794227 0.248703675165 
0.585714285714 0.586308794227 0.248519867809 
0.585714285714 0.589808794227 0.248409329424 
0.585714285714 0.596808794227 0.248474126152 
0.585714285714 0.600308794227 0.248499207164 
0.6 0.603808794227 0.24868994976 
0.6 0.605391022657 0.242498862256 
0.6 0.594891022657 0.242797821751 
0.6 0.598391022657 0.242637495131 
0.6 0.601891022657 0.242593848106 
0.6 0.608891022657 0.242581879899 
0.6 0.612391022657 0.24269525595 
0.614285714286 0.615891022657 0.242837614945 
0.614285714286 0.618020199185 0.236951895709 
0.614285714286 0.607520199185 0.237187250883 
0.614285714286 0.611020199185 0.237074117355 
0.614285714286 0.614520199185 0.236969765964 
0.614285714286 0.621520199185 0.237004679345 
0.614285714286 0.625020199185 0.23705120318 
0.628571428571 0.628520199185 0.237188984768 
0.628571428571 0.629326559487 0.23161618552 
0.628571428571 0.618826559487 0.231784128916 
0.628571428571 0.622326559487 0.231708585867 
0.628571428571 0.625826559487 0.231685482431 
0.628571428571 0.632826559487 0.231589382709 
0.628571428571 0.636326559487 0.231674731695 
0.642857142857 0.639826559487 0.231817231813 
0.642857142857 0.641409505764 0.226450078365 
0.642857142857 0.630909505764 0.226654509962 
0.642857142857 0.634409505764 0.226502475376 
0.642857142857 0.637909505764 0.226488846683 
0.642857142857 0.644909505764 0.226441188862 
0.642857142857 0.648409505764 0.226527464892 
0.657142857143 0.651909505764 0.226600988109 
0.657142857143 0.656140332126 0.221496149088 
0.657142857143 0.645640332126 0.221608941082 
0.657142857143 0.649140332126 0.221505089678 
0.657142857143 0.652640332126 0.221486590456 
0.657142857143 0.659640332126 0.221563338626 
0.657142857143 0.663140332126 0.221650365927 
0.671428571429 0.666640332126 0.221854420988 
0.671428571429 0.672133192255 0.216772535914 
0.671428571429 0.661633192255 0.216828816504 
0.671428571429 0.665133192255 0.216742309862 
0.671428571429 0.668633192255 0.216766016267 
0.671428571429 0.675633192255 0.2169644032 
0.671428571429 0.679133192255 0.217038744745 
