-0.5 0 0.7 0.932946851174 
-0.368421052632 0 0.7 0.845602523037 
-0.236842105263 0 0.7 0.757960855912 
-0.105263157895 0 0.7 0.670566095605 
0.0263157894737 0 0.7 0.585445943254 
0.157894736842 0 0.7 0.500188821986 
0.289473684211 0 0.411790984 0.412694438258 
0.289473684211 0 0.417790984 0.410377940195 
0.289473684211 0 0.423790984 0.409801174301 
0.289473684211 0 0.429790984 0.410181195482 
0.289473684211 0 0.435790984 0.410140902577 
0.289473684211 0 0.441790984 0.409991547703 
0.289473684211 0 0.447790984 0.410223676468 
0.289473684211 0 0.453790984 0.410732470458 
0.289473684211 0 0.459790984 0.411758224837 
0.421052631579 0 0.489448413623 0.31345796122 
0.421052631579 0 0.495448413623 0.312939946156 
0.421052631579 0 0.501448413623 0.312214215728 
0.421052631579 0 0.507448413623 0.311666125861 
0.421052631579 0 0.513448413623 0.311170337075 
0.421052631579 0 0.519448413623 0.311744777294 
0.421052631579 0 0.525448413623 0.31277942308 
0.421052631579 0 0.531448413623 0.313338115254 
0.421052631579 0 0.537448413623 0.313367701235 
0.552631578947 0 0.537086188574 0.242677555239 
0.552631578947 0 0.543086188574 0.242645283674 
0.552631578947 0 0.549086188574 0.242159211534 
0.552631578947 0 0.555086188574 0.241921207524 
0.552631578947 0 0.561086188574 0.241742041705 
0.552631578947 0 0.567086188574 0.241981230258 
0.552631578947 0 0.573086188574 0.242730405664 
0.552631578947 0 0.579086188574 0.243264086787 
0.552631578947 0 0.585086188574 0.243357957371 
0.684210526316 0 0.644711323874 0.196452976118 
0.684210526316 0 0.650711323874 0.19556067737 
0.684210526316 0 0.656711323874 0.195041543266 
0.684210526316 0 0.662711323874 0.194651097031 
0.684210526316 0 0.668711323874 0.19492927189 
0.684210526316 0 0.674711323874 0.195323878515 
0.684210526316 0 0.680711323874 0.19534786399 
0.684210526316 0 0.686711323874 0.195567657697 
0.684210526316 0 0.692711323874 0.195821080633 
0.815789473684 0 0.7 0.184159052899 
0.947368421053 0 0.7 0.215761764748 
1.07894736842 0 0.7 0.284707473839 
1.21052631579 0 0.7 0.368003936682 
1.34210526316 0 0.7 0.455409578526 
1.47368421053 0 0.7 0.540956960282 
1.60526315789 0 0.7 0.627247742699 
1.73684210526 0 0.7 0.7172256944 
1.86842105263 0 0.7 0.802965912035 
2 0 0.7 0.889537114502 
-0.5 0.0631578947368 0.7 0.942228553222 
-0.368421052632 0.0631578947368 0.7 0.850510826326 
-0.236842105263 0.0631578947368 0.7 0.760014851519 
-0.105263157895 0.0631578947368 0.7 0.67011456669 
0.0263157894737 0.0631578947368 0.7 0.583759556106 
0.157894736842 0.0631578947368 0.7 0.503268829432 
0.289473684211 0.0631578947368 0.394250999458 0.415968909356 
0.289473684211 0.0631578947368 0.400250999458 0.415583001551 
0.289473684211 0.0631578947368 0.406250999458 0.415032537519 
0.289473684211 0.0631578947368 0.412250999458 0.414405021666 
0.289473684211 0.0631578947368 0.418250999458 0.41412448107 
0.289473684211 0.0631578947368 0.424250999458 0.414485953755 
0.289473684211 0.0631578947368 0.430250999458 0.41522025076 
0.289473684211 0.0631578947368 0.436250999458 0.415698422338 
0.289473684211 0.0631578947368 0.442250999458 0.415721192758 
0.421052631579 0.0631578947368 0.491210084461 0.314142102179 
0.421052631579 0.0631578947368 0.497210084461 0.313133936244 
0.421052631579 0.0631578947368 0.503210084461 0.312002274173 
0.421052631579 0.0631578947368 0.509210084461 0.311279951532 
0.421052631579 0.0631578947368 0.515210084461 0.310833523363 
0.421052631579 0.0631578947368 0.521210084461 0.311281004865 
0.421052631579 0.0631578947368 0.527210084461 0.312093213185 
0.421052631579 0.0631578947368 0.533210084461 0.31292064756 
0.421052631579 0.0631578947368 0.539210084461 0.313612843761 
0.552631578947 0.0631578947368 0.529675829827 0.244080327261 
0.552631578947 0.0631578947368 0.535675829827 0.242599353921 
0.552631578947 0.0631578947368 0.541675829827 0.242283382546 
0.552631578947 0.0631578947368 0.547675829827 0.241945520577 
0.552631578947 0.0631578947368 0.553675829827 0.241810314679 
0.552631578947 0.0631578947368 0.559675829827 0.241897840658 
0.552631578947 0.0631578947368 0.565675829827 0.242162814967 
0.552631578947 0.0631578947368 0.571675829827 0.242627883491 
0.552631578947 0.0631578947368 0.577675829827 0.243264457265 
0.684210526316 0.0631578947368 0.649556698605 0.197913104396 
0.684210526316 0.0631578947368 0.655556698605 0.196556006563 
0.684210526316 0.0631578947368 0.661556698605 0.195470259843 
0.684210526316 0.0631578947368 0.667556698605 0.194721719862 
0.684210526316 0.0631578947368 0.673556698605 0.194937956153 
0.684210526316 0.0631578947368 0.679556698605 0.195090035686 
0.684210526316 0.0631578947368 0.685556698605 0.195407986867 
0.684210526316 0.0631578947368 0.691556698605 0.195890955999 
0.684210526316 0.0631578947368 0.697556698605 0.196490470744 
0.815789473684 0.0631578947368 0.7 0.191539187827 
0.947368421053 0.0631578947368 0.7 0.225887141236 
1.07894736842 0.0631578947368 0.7 0.293712303731 
1.21052631579 0.0631578947368 0.7 0.374866622518 
1.34210526316 0.0631578947368 0.7 0.458726088599 
1.47368421053 0.0631578947368 0.7 0.542394602038 
1.60526315789 0.0631578947368 0.7 0.630022225192 
1.73684210526 0.0631578947368 0.7 0.71986192535 
1.86842105263 0.0631578947368 0.7 0.809761857063 
2 0.0631578947368 0.7 0.897690050576 
-0.5 0.126315789474 0.7 0.938432422282 
-0.368421052632 0.126315789474 0.7 0.856167786235 
-0.236842105263 0.126315789474 0.7 0.772376135275 
-0.105263157895 0.126315789474 0.7 0.684725495637 
0.0263157894737 0.126315789474 0.7 0.591524817821 
0.157894736842 0.126315789474 0.7 0.510775930471 
0.289473684211 0.126315789474 0.430729109216 0.419061105236 
0.289473684211 0.126315789474 0.436729109216 0.419220157367 
0.289473684211 0.126315789474 0.442729109216 0.418650003944 
0.289473684211 0.126315789474 0.448729109216 0.418165774878 
0.289473684211 0.126315789474 0.454729109216 0.418063659333 
0.289473684211 0.126315789474 0.460729109216 0.418504009801 
0.289473684211 0.126315789474 0.466729109216 0.419008949003 
0.289473684211 0.126315789474 0.472729109216 0.419898781338 
0.289473684211 0.126315789474 0.478729109216 0.420725499596 
0.421052631579 0.126315789474 0.485120099094 0.320526033384 
0.421052631579 0.126315789474 0.491120099094 0.32056702865 
0.421052631579 0.126315789474 0.497120099094 0.319603794261 
0.421052631579 0.126315789474 0.503120099094 0.318389971109 
0.421052631579 0.126315789474 0.509120099094 0.317954755085 
0.421052631579 0.126315789474 0.515120099094 0.318135929935 
0.421052631579 0.126315789474 0.521120099094 0.319375876263 
0.421052631579 0.126315789474 0.527120099094 0.32007472874 
0.421052631579 0.126315789474 0.533120099094 0.320030947592 
0.552631578947 0.126315789474 0.539328568677 0.248648990484 
0.552631578947 0.126315789474 0.545328568677 0.247810269051 
0.552631578947 0.126315789474 0.551328568677 0.247188011237 
0.552631578947 0.126315789474 0.557328568677 0.247541416369 
0.552631578947 0.126315789474 0.563328568677 0.247742051571 
0.552631578947 0.126315789474 0.569328568677 0.247687840296 
0.552631578947 0.126315789474 0.575328568677 0.248180197872 
0.552631578947 0.126315789474 0.581328568677 0.248387343859 
0.552631578947 0.126315789474 0.587328568677 0.24831809168 
0.684210526316 0.126315789474 0.658818954852 0.201269053654 
0.684210526316 0.126315789474 0.664818954852 0.200623041672 
0.684210526316 0.126315789474 0.670818954852 0.199888128098 
0.684210526316 0.126315789474 0.676818954852 0.19964333149 
0.684210526316 0.126315789474 0.682818954852 0.199559114913 
0.684210526316 0.126315789474 0.688818954852 0.200253293999 
0.684210526316 0.126315789474 0.694818954852 0.200829690603 
0.684210526316 0.126315789474 0.700818954852 0.201180352634 
0.684210526316 0.126315789474 0.706818954852 0.201973921374 
0.815789473684 0.126315789474 0.7 0.196242127387 
0.947368421053 0.126315789474 0.7 0.24124855909 
1.07894736842 0.126315789474 0.7 0.312049349732 
1.21052631579 0.126315789474 0.7 0.387385362722 
1.34210526316 0.126315789474 0.7 0.468596972007 
1.47368421053 0.126315789474 0.7 0.55537774734 
1.60526315789 0.126315789474 0.7 0.644825510659 
1.73684210526 0.126315789474 0.7 0.729910958362 
1.86842105263 0.126315789474 0.7 0.815467882901 
2 0.126315789474 0.7 0.896578836763 
-0.5 0.189473684211 0.7 0.952207056914 
-0.368421052632 0.189473684211 0.7 0.857660119124 
-0.236842105263 0.189473684211 0.7 0.769704199283 
-0.105263157895 0.189473684211 0.7 0.691007268403 
0.0263157894737 0.189473684211 0.7 0.601616221851 
0.157894736842 0.189473684211 0.7 0.516213663771 
0.289473684211 0.189473684211 0.450124380309 0.423811863591 
0.289473684211 0.189473684211 0.456124380309 0.423700170148 
0.289473684211 0.189473684211 0.462124380309 0.42320022439 
0.289473684211 0.189473684211 0.468124380309 0.423132827179 
0.289473684211 0.189473684211 0.474124380309 0.423048659604 
0.289473684211 0.189473684211 0.480124380309 0.423158751607 
0.289473684211 0.189473684211 0.486124380309 0.42352810712 
0.289473684211 0.189473684211 0.492124380309 0.423859147773 
0.289473684211 0.189473684211 0.498124380309 0.424098776653 
0.421052631579 0.189473684211 0.454682865584 0.323356126552 
0.421052631579 0.189473684211 0.460682865584 0.321965892554 
0.421052631579 0.189473684211 0.466682865584 0.321187640434 
0.421052631579 0.189473684211 0.472682865584 0.321176339811 
0.421052631579 0.189473684211 0.478682865584 0.321745446248 
0.421052631579 0.189473684211 0.484682865584 0.321710112784 
0.421052631579 0.189473684211 0.490682865584 0.322112974885 
0.421052631579 0.189473684211 0.496682865584 0.32229051212 
0.421052631579 0.189473684211 0.502682865584 0.321943338848 
0.552631578947 0.189473684211 0.569622158693 0.252119913319 
0.552631578947 0.189473684211 0.575622158693 0.251219728103 
0.552631578947 0.189473684211 0.581622158693 0.250921442469 
0.552631578947 0.189473684211 0.587622158693 0.250723514173 
0.552631578947 0.189473684211 0.593622158693 0.250450577353 
0.552631578947 0.189473684211 0.599622158693 0.250549288157 
0.552631578947 0.189473684211 0.605622158693 0.251531298596 
0.552631578947 0.189473684211 0.611622158693 0.252557274487 
0.552631578947 0.189473684211 0.617622158693 0.253179539277 
0.684210526316 0.189473684211 0.671872 0.205422007007 
0.684210526316 0.189473684211 0.677872 0.20442940016 
0.684210526316 0.189473684211 0.683872 0.204093368501 
0.684210526316 0.189473684211 0.689872 0.204777575125 
0.684210526316 0.189473684211 0.695872 0.205180474242 
0.684210526316 0.189473684211 0.701872 0.204738399168 
0.684210526316 0.189473684211 0.707872 0.20444780924 
0.684210526316 0.189473684211 0.713872 0.20466477166 
0.684210526316 0.189473684211 0.719872 0.20485993551 
0.815789473684 0.189473684211 0.7 0.208230968291 
0.947368421053 0.189473684211 0.7 0.262624230417 
1.07894736842 0.189473684211 0.7 0.330771013615 
1.21052631579 0.189473684211 0.7 0.402104982793 
1.34210526316 0.189473684211 0.7 0.4825105334 
1.47368421053 0.189473684211 0.7 0.568392809327 
1.60526315789 0.189473684211 0.7 0.651932878313 
1.73684210526 0.189473684211 0.7 0.732419909854 
1.86842105263 0.189473684211 0.7 0.823789509091 
2 0.189473684211 0.7 0.913571014533 
-0.5 0.252631578947 0.7 0.950667517079 
-0.368421052632 0.252631578947 0.7 0.870761842785 
-0.236842105263 0.252631578947 0.7 0.779445310286 
-0.105263157895 0.252631578947 0.7 0.69357501086 
0.0263157894737 0.252631578947 0.7 0.605701503123 
0.157894736842 0.252631578947 0.651441891855 0.522711464615 
0.157894736842 0.252631578947 0.657441891855 0.521523820771 
0.157894736842 0.252631578947 0.663441891855 0.520113806017 
0.157894736842 0.252631578947 0.669441891855 0.519652316549 
0.157894736842 0.252631578947 0.675441891855 0.519875501659 
0.157894736842 0.252631578947 0.681441891855 0.520167533098 
0.157894736842 0.252631578947 0.687441891855 0.520337217563 
0.157894736842 0.252631578947 0.693441891855 0.520504175501 
0.157894736842 0.252631578947 0.699441891855 0.520468379214 
0.289473684211 0.252631578947 0.528708157856 0.430864370078 
0.289473684211 0.252631578947 0.534708157856 0.43021576883 
0.289473684211 0.252631578947 0.540708157856 0.42948548388 
0.289473684211 0.252631578947 0.546708157856 0.428772813652 
0.289473684211 0.252631578947 0.552708157856 0.428525311554 
0.289473684211 0.252631578947 0.558708157856 0.42910817464 
0.289473684211 0.252631578947 0.564708157856 0.429918556224 
0.289473684211 0.252631578947 0.570708157856 0.430499978215 
0.289473684211 0.252631578947 0.576708157856 0.430684591459 
0.421052631579 0.252631578947 0.54861786314 0.333478675988 
0.421052631579 0.252631578947 0.55461786314 0.333408135822 
0.421052631579 0.252631578947 0.56061786314 0.333049214449 
0.421052631579 0.252631578947 0.56661786314 0.333018738778 
0.421052631579 0.252631578947 0.57261786314 0.332888268065 
0.421052631579 0.252631578947 0.57861786314 0.332421436384 
0.421052631579 0.252631578947 0.58461786314 0.332902453594 
0.421052631579 0.252631578947 0.59061786314 0.333322982632 
0.421052631579 0.252631578947 0.59661786314 0.334634242221 
0.552631578947 0.252631578947 0.611533104311 0.268015456654 
0.552631578947 0.252631578947 0.617533104311 0.267658443618 
0.552631578947 0.252631578947 0.623533104311 0.267121292705 
0.552631578947 0.252631578947 0.629533104311 0.266131031371 
0.552631578947 0.252631578947 0.635533104311 0.265521397707 
0.552631578947 0.252631578947 0.641533104311 0.266128476447 
0.552631578947 0.252631578947 0.647533104311 0.266344366388 
0.552631578947 0.252631578947 0.653533104311 0.266946755301 
0.552631578947 0.252631578947 0.659533104311 0.267278274155 
0.684210526316 0.252631578947 0.7 0.222818217295 
0.815789473684 0.252631578947 0.7 0.227248554135 
0.947368421053 0.252631578947 0.7 0.282617499816 
1.07894736842 0.252631578947 0.7 0.348350707735 
1.21052631579 0.252631578947 0.7 0.420288517999 
1.34210526316 0.252631578947 0.7 0.498848886642 
1.47368421053 0.252631578947 0.7 0.581167964856 
1.60526315789 0.252631578947 0.7 0.660079883083 
1.73684210526 0.252631578947 0.7 0.751015935418 
1.86842105263 0.252631578947 0.7 0.833380445492 
2 0.252631578947 0.7 0.914283412135 
-0.5 0.315789473684 0.7 0.958916225502 
-0.368421052632 0.315789473684 0.7 0.868190279807 
-0.236842105263 0.315789473684 0.7 0.786231461595 
-0.105263157895 0.315789473684 0.7 0.695412862286 
0.0263157894737 0.315789473684 0.7 0.611532759489 
0.157894736842 0.315789473684 0.652659943659 0.527248783959 
0.157894736842 0.315789473684 0.658659943659 0.525219154795 
0.157894736842 0.315789473684 0.664659943659 0.523831599521 
0.157894736842 0.315789473684 0.670659943659 0.523581384435 
0.157894736842 0.315789473684 0.676659943659 0.52331308827 
0.157894736842 0.315789473684 0.682659943659 0.523390970127 
0.157894736842 0.315789473684 0.688659943659 0.524036739932 
0.157894736842 0.315789473684 0.694659943659 0.525251737917 
0.157894736842 0.315789473684 0.700659943659 0.526079055939 
0.289473684211 0.315789473684 0.7 0.438741974495 
0.421052631579 0.315789473684 0.587017632406 0.351571719019 
0.421052631579 0.315789473684 0.593017632406 0.351606073708 
0.421052631579 0.315789473684 0.599017632406 0.35117168572 
0.421052631579 0.315789473684 0.605017632406 0.350874553025 
0.421052631579 0.315789473684 0.611017632406 0.350772162779 
0.421052631579 0.315789473684 0.617017632406 0.350803493086 
0.421052631579 0.315789473684 0.623017632406 0.350826528183 
0.421052631579 0.315789473684 0.629017632406 0.351726888261 
0.421052631579 0.315789473684 0.635017632406 0.352544371101 
0.552631578947 0.315789473684 0.644610088973 0.289665739368 
0.552631578947 0.315789473684 0.650610088973 0.289052876998 
0.552631578947 0.315789473684 0.656610088973 0.287854041269 
0.552631578947 0.315789473684 0.662610088973 0.288090633462 
0.552631578947 0.315789473684 0.668610088973 0.287409776376 
0.552631578947 0.315789473684 0.674610088973 0.287883039291 
0.552631578947 0.315789473684 0.680610088973 0.287932859931 
0.552631578947 0.315789473684 0.686610088973 0.287963933877 
0.552631578947 0.315789473684 0.692610088973 0.28840802707 
0.684210526316 0.315789473684 0.7 0.241039494395 
0.815789473684 0.315789473684 0.7 0.250239107393 
0.947368421053 0.315789473684 0.7 0.303065536294 
1.07894736842 0.315789473684 0.7 0.367906684416 
1.21052631579 0.315789473684 0.7 0.438523746185 
1.34210526316 0.315789473684 0.7 0.513597319926 
1.47368421053 0.315789473684 0.7 0.59278724561 
1.60526315789 0.315789473684 0.7 0.674562037834 
1.73684210526 0.315789473684 0.7 0.759183128771 
1.86842105263 0.315789473684 0.7 0.842367993128 
2 0.315789473684 0.7 0.933343258658 
-0.5 0.378947368421 0.7 0.963426060886 
-0.368421052632 0.378947368421 0.7 0.877536883289 
-0.236842105263 0.378947368421 0.7 0.786305171111 
-0.105263157895 0.378947368421 0.7 0.700879270579 
0.0263157894737 0.378947368421 0.7 0.618227778828 
0.157894736842 0.378947368421 0.67 0.531016662862 
0.157894736842 0.378947368421 0.676 0.53060384003 
0.157894736842 0.378947368421 0.682 0.53019516866 
0.157894736842 0.378947368421 0.688 0.529778428375 
0.157894736842 0.378947368421 0.694 0.529606154027 
0.157894736842 0.378947368421 0.7 0.529740623641 
0.157894736842 0.378947368421 0.706 0.52982081275 
0.157894736842 0.378947368421 0.712 0.529565892223 
0.157894736842 0.378947368421 0.718 0.528958390157 
0.289473684211 0.378947368421 0.663278940757 0.446725943108 
0.289473684211 0.378947368421 0.669278940757 0.445610287986 
0.289473684211 0.378947368421 0.675278940757 0.444967986807 
0.289473684211 0.378947368421 0.681278940757 0.44538715621 
0.289473684211 0.378947368421 0.687278940757 0.445366027771 
0.289473684211 0.378947368421 0.693278940757 0.445418254432 
0.289473684211 0.378947368421 0.699278940757 0.44568735374 
0.289473684211 0.378947368421 0.705278940757 0.445335029148 
0.289473684211 0.378947368421 0.711278940757 0.444693067353 
0.421052631579 0.378947368421 0.7 0.368481370504 
0.552631578947 0.378947368421 0.7 0.307366175809 
0.684210526316 0.378947368421 0.665836 0.272896567068 
0.684210526316 0.378947368421 0.671836 0.269069132044 
0.684210526316 0.378947368421 0.677836 0.265347131462 
0.684210526316 0.378947368421 0.683836 0.262859272866 
0.684210526316 0.378947368421 0.689836 0.261583121813 
0.684210526316 0.378947368421 0.695836 0.262813766397 
0.684210526316 0.378947368421 0.701836 0.26311710114 
0.684210526316 0.378947368421 0.707836 0.262044776904 
0.684210526316 0.378947368421 0.713836 0.26175154048 
0.815789473684 0.378947368421 0.7 0.273288381337 
0.947368421053 0.378947368421 0.7 0.323541106883 
1.07894736842 0.378947368421 0.7 0.38747820891 
1.21052631579 0.378947368421 0.7 0.457427365042 
1.34210526316 0.378947368421 0.7 0.530822343559 
1.47368421053 0.378947368421 0.7 0.608808671711 
1.60526315789 0.378947368421 0.7 0.688097086781 
1.73684210526 0.378947368421 0.7 0.770772137369 
1.86842105263 0.378947368421 0.7 0.85618620184 
2 0.378947368421 0.7 0.936463023178 
-0.5 0.442105263158 0.7 0.966636630888 
-0.368421052632 0.442105263158 0.7 0.879070467776 
-0.236842105263 0.442105263158 0.7 0.792623627151 
-0.105263157895 0.442105263158 0.7 0.710850439024 
0.0263157894737 0.442105263158 0.7 0.620857479026 
0.157894736842 0.442105263158 0.7 0.537720915835 
0.289473684211 0.442105263158 0.7 0.461165066129 
0.421052631579 0.442105263158 0.665836 0.39403151731 
0.421052631579 0.442105263158 0.671836 0.393512142696 
0.421052631579 0.442105263158 0.677836 0.393011281519 
0.421052631579 0.442105263158 0.683836 0.392231031378 
0.421052631579 0.442105263158 0.689836 0.391959697009 
0.421052631579 0.442105263158 0.695836 0.392021497228 
0.421052631579 0.442105263158 0.701836 0.392281174259 
0.421052631579 0.442105263158 0.707836 0.392105930889 
0.421052631579 0.442105263158 0.713836 0.391283241783 
0.552631578947 0.442105263158 0.7 0.330592382648 
0.684210526316 0.442105263158 0.7 0.286415174781 
0.815789473684 0.442105263158 0.7 0.296520298523 
0.947368421053 0.442105263158 0.7 0.343478139864 
1.07894736842 0.442105263158 0.7 0.405202774927 
1.21052631579 0.442105263158 0.7 0.475948022062 
1.34210526316 0.442105263158 0.7 0.546893307105 
1.47368421053 0.442105263158 0.7 0.624192406024 
1.60526315789 0.442105263158 0.7 0.704041340306 
1.73684210526 0.442105263158 0.7 0.783498033163 
1.86842105263 0.442105263158 0.7 0.865538469647 
2 0.442105263158 0.7 0.953828695804 
-0.5 0.505263157895 0.7 0.972286853892 
-0.368421052632 0.505263157895 0.7 0.882937686619 
-0.236842105263 0.505263157895 0.7 0.800556333928 
-0.105263157895 0.505263157895 0.7 0.708479354487 
0.0263157894737 0.505263157895 0.7 0.626756186082 
0.157894736842 0.505263157895 0.7 0.548408903689 
0.289473684211 0.505263157895 0.7 0.478079778328 
0.421052631579 0.505263157895 0.7 0.410410994062 
0.552631578947 0.505263157895 0.7 0.352427206383 
0.684210526316 0.505263157895 0.7 0.305765438485 
0.815789473684 0.505263157895 0.7 0.322103531105 
0.947368421053 0.505263157895 0.7 0.363394326314 
1.07894736842 0.505263157895 0.7 0.428157977346 
1.21052631579 0.505263157895 0.7 0.495088820884 
1.34210526316 0.505263157895 0.7 0.565194425023 
1.47368421053 0.505263157895 0.7 0.639047995815 
1.60526315789 0.505263157895 0.7 0.715043511213 
1.73684210526 0.505263157895 0.7 0.796442823978 
1.86842105263 0.505263157895 0.7 0.878591025627 
2 0.505263157895 0.7 0.964194260687 
-0.5 0.568421052632 0.7 0.976993798772 
-0.368421052632 0.568421052632 0.7 0.890538137549 
-0.236842105263 0.568421052632 0.7 0.79969916585 
-0.105263157895 0.568421052632 0.7 0.721015359387 
0.0263157894737 0.568421052632 0.7 0.639494438988 
0.157894736842 0.568421052632 0.7 0.56636493661 
0.289473684211 0.568421052632 0.7 0.494731208054 
0.421052631579 0.568421052632 0.7 0.430556672281 
0.552631578947 0.568421052632 0.7 0.374674521504 
0.684210526316 0.568421052632 0.7 0.330960615796 
0.815789473684 0.568421052632 0.7 0.343278485702 
0.947368421053 0.568421052632 0.7 0.385429194895 
1.07894736842 0.568421052632 0.7 0.444956093536 
1.21052631579 0.568421052632 0.7 0.512909577719 
1.34210526316 0.568421052632 0.7 0.584439590293 
1.47368421053 0.568421052632 0.7 0.658168215322 
1.60526315789 0.568421052632 0.7 0.735494449167 
1.73684210526 0.568421052632 0.7 0.810580556776 
1.86842105263 0.568421052632 0.7 0.893650459929 
2 0.568421052632 0.7 0.978679957116 
-0.5 0.631578947368 0.7 0.981312881389 
-0.368421052632 0.631578947368 0.7 0.893702391414 
-0.236842105263 0.631578947368 0.7 0.815088540191 
-0.105263157895 0.631578947368 0.7 0.729883098793 
0.0263157894737 0.631578947368 0.7 0.654882532016 
0.157894736842 0.631578947368 0.7 0.582680300815 
0.289473684211 0.631578947368 0.7 0.517419591524 
0.421052631579 0.631578947368 0.7 0.452738080781 
0.552631578947 0.631578947368 0.7 0.394447062392 
0.684210526316 0.631578947368 0.7 0.353620136555 
0.815789473684 0.631578947368 0.7 0.369018107405 
0.947368421053 0.631578947368 0.7 0.406777921335 
1.07894736842 0.631578947368 0.7 0.467149383336 
1.21052631579 0.631578947368 0.7 0.534115433029 
1.34210526316 0.631578947368 0.7 0.604561332456 
1.47368421053 0.631578947368 0.7 0.675610547276 
1.60526315789 0.631578947368 0.7 0.750460251538 
1.73684210526 0.631578947368 0.7 0.831315964178 
1.86842105263 0.631578947368 0.7 0.904328010618 
2 0.631578947368 0.7 0.990706616029 
-0.5 0.694736842105 0.7 0.991285145021 
-0.368421052632 0.694736842105 0.7 0.902124481731 
-0.236842105263 0.694736842105 0.7 0.82015856186 
-0.105263157895 0.694736842105 0.7 0.746166122096 
0.0263157894737 0.694736842105 0.7 0.673553254934 
0.157894736842 0.694736842105 0.7 0.605200558017 
0.289473684211 0.694736842105 0.7 0.53652387271 
0.421052631579 0.694736842105 0.7 0.472479080349 
0.552631578947 0.694736842105 0.7 0.415596475231 
0.684210526316 0.694736842105 0.7 0.3809833866 
0.815789473684 0.694736842105 0.7 0.391600670237 
0.947368421053 0.694736842105 0.7 0.427371375606 
1.07894736842 0.694736842105 0.7 0.487608953293 
1.21052631579 0.694736842105 0.7 0.554923841619 
1.34210526316 0.694736842105 0.7 0.623628623441 
1.47368421053 0.694736842105 0.7 0.693475740738 
1.60526315789 0.694736842105 0.7 0.77038062846 
1.73684210526 0.694736842105 0.7 0.842786802082 
1.86842105263 0.694736842105 0.7 0.925033832371 
2 0.694736842105 0.7 1.00111184769 
-0.5 0.757894736842 0.7 0.991377822015 
-0.368421052632 0.757894736842 0.7 0.917517024147 
-0.236842105263 0.757894736842 0.7 0.836351548644 
-0.105263157895 0.757894736842 0.7 0.761657503785 
0.0263157894737 0.757894736842 0.7 0.69110047867 
0.157894736842 0.757894736842 0.7 0.624468015561 
0.289473684211 0.757894736842 0.7 0.558794015226 
0.421052631579 0.757894736842 0.7 0.493897281079 
0.552631578947 0.757894736842 0.7 0.438895150103 
0.684210526316 0.757894736842 0.7 0.405961695152 
0.815789473684 0.757894736842 0.7 0.418369861257 
0.947368421053 0.757894736842 0.7 0.451311511945 
1.07894736842 0.757894736842 0.7 0.508899912025 
1.21052631579 0.757894736842 0.7 0.571795507629 
1.34210526316 0.757894736842 0.7 0.641174719545 
1.47368421053 0.757894736842 0.7 0.715022219957 
1.60526315789 0.757894736842 0.7 0.788840674391 
1.73684210526 0.757894736842 0.7 0.86360270833 
1.86842105263 0.757894736842 0.7 0.939878602318 
2 0.757894736842 0.7 1.02039660088 
-0.5 0.821052631579 0.7 1.01251650193 
-0.368421052632 0.821052631579 0.7 0.927781243089 
-0.236842105263 0.821052631579 0.7 0.853083821567 
-0.105263157895 0.821052631579 0.7 0.782164976503 
0.0263157894737 0.821052631579 0.7 0.713485185701 
0.157894736842 0.821052631579 0.7 0.644646324956 
0.289473684211 0.821052631579 0.7 0.580649046795 
0.421052631579 0.821052631579 0.7 0.519031226745 
0.552631578947 0.821052631579 0.7 0.464882764647 
0.684210526316 0.821052631579 0.7 0.431823107408 
0.815789473684 0.821052631579 0.7 0.444620073696 
0.947368421053 0.821052631579 0.7 0.476675622248 
1.07894736842 0.821052631579 0.7 0.530506402019 
1.21052631579 0.821052631579 0.7 0.595143016251 
1.34210526316 0.821052631579 0.7 0.664037504051 
1.47368421053 0.821052631579 0.7 0.734536038866 
1.60526315789 0.821052631579 0.7 0.804401527385 
1.73684210526 0.821052631579 0.7 0.881846451093 
1.86842105263 0.821052631579 0.7 0.954462543299 
2 0.821052631579 0.7 1.03573660326 
-0.5 0.884210526316 0.7 1.01923202685 
-0.368421052632 0.884210526316 0.7 0.942776896714 
-0.236842105263 0.884210526316 0.7 0.870201799116 
-0.105263157895 0.884210526316 0.7 0.800601247925 
0.0263157894737 0.884210526316 0.7 0.731475902336 
0.157894736842 0.884210526316 0.7 0.665310360342 
0.289473684211 0.884210526316 0.7 0.603118854015 
0.421052631579 0.884210526316 0.7 0.540357730161 
0.552631578947 0.884210526316 0.7 0.490819287721 
0.684210526316 0.884210526316 0.7 0.458915612927 
0.815789473684 0.884210526316 0.7 0.46997765593 
0.947368421053 0.884210526316 0.7 0.502580532089 
1.07894736842 0.884210526316 0.7 0.553266938938 
1.21052631579 0.884210526316 0.7 0.618525805786 
1.34210526316 0.884210526316 0.7 0.68708330976 
1.47368421053 0.884210526316 0.7 0.75381020986 
1.60526315789 0.884210526316 0.7 0.825228938312 
1.73684210526 0.884210526316 0.7 0.901006497767 
1.86842105263 0.884210526316 0.7 0.977654025284 
2 0.884210526316 0.7 1.049361359 
-0.5 0.947368421053 0.7 1.03503237043 
-0.368421052632 0.947368421053 0.7 0.963734616737 
-0.236842105263 0.947368421053 0.7 0.890109355472 
-0.105263157895 0.947368421053 0.7 0.820196325472 
0.0263157894737 0.947368421053 0.7 0.754537237896 
0.157894736842 0.947368421053 0.7 0.688550148648 
0.289473684211 0.947368421053 0.7 0.623603910478 
0.421052631579 0.947368421053 0.7 0.563715346614 
0.552631578947 0.947368421053 0.7 0.517853880601 
0.684210526316 0.947368421053 0.7 0.485065225755 
0.815789473684 0.947368421053 0.7 0.496661393638 
0.947368421053 0.947368421053 0.7 0.527450951999 
1.07894736842 0.947368421053 0.7 0.577754536847 
1.21052631579 0.947368421053 0.7 0.63931028649 
1.34210526316 0.947368421053 0.7 0.702371080846 
1.47368421053 0.947368421053 0.7 0.773084456515 
1.60526315789 0.947368421053 0.7 0.84612293422 
1.73684210526 0.947368421053 0.7 0.91595516867 
1.86842105263 0.947368421053 0.7 0.993309876743 
2 0.947368421053 0.7 1.07080376329 
-0.5 1.01052631579 0.7 1.0531153279 
-0.368421052632 1.01052631579 0.7 0.978517727464 
-0.236842105263 1.01052631579 0.7 0.910856556941 
-0.105263157895 1.01052631579 0.7 0.843386077596 
0.0263157894737 1.01052631579 0.7 0.773359623452 
0.157894736842 1.01052631579 0.7 0.708180351005 
0.289473684211 1.01052631579 0.7 0.645732661342 
0.421052631579 1.01052631579 0.7 0.586521345744 
0.552631578947 1.01052631579 0.7 0.544786266476 
0.684210526316 1.01052631579 0.7 0.51265024247 
0.815789473684 1.01052631579 0.7 0.522387330963 
0.947368421053 1.01052631579 0.7 0.552620781847 
1.07894736842 1.01052631579 0.7 0.602216705959 
1.21052631579 1.01052631579 0.7 0.661733239945 
1.34210526316 1.01052631579 0.7 0.726785203721 
1.47368421053 1.01052631579 0.7 0.796669680974 
1.60526315789 1.01052631579 0.7 0.865147118841 
1.73684210526 1.01052631579 0.7 0.938789234816 
1.86842105263 1.01052631579 0.7 1.01180827519 
2 1.01052631579 0.7 1.08899067937 
-0.5 1.07368421053 0.7 1.07229056002 
-0.368421052632 1.07368421053 0.7 0.997766160829 
-0.236842105263 1.07368421053 0.7 0.926947932868 
-0.105263157895 1.07368421053 0.7 0.859125564355 
0.0263157894737 1.07368421053 0.7 0.79232854379 
0.157894736842 1.07368421053 0.7 0.730431447284 
0.289473684211 1.07368421053 0.7 0.668102465538 
0.421052631579 1.07368421053 0.7 0.611140949296 
0.552631578947 1.07368421053 0.7 0.570994364719 
0.684210526316 1.07368421053 0.7 0.541141050114 
0.815789473684 1.07368421053 0.7 0.548394288223 
0.947368421053 1.07368421053 0.7 0.577868045618 
1.07894736842 1.07368421053 0.7 0.624123427494 
1.21052631579 1.07368421053 0.7 0.68496266154 
1.34210526316 1.07368421053 0.7 0.750243485105 
1.47368421053 1.07368421053 0.7 0.818604384783 
1.60526315789 1.07368421053 0.7 0.884606779766 
1.73684210526 1.07368421053 0.7 0.961659701161 
1.86842105263 1.07368421053 0.7 1.02835761141 
2 1.07368421053 0.7 1.10565768142 
-0.5 1.13684210526 0.7 1.0870693763 
-0.368421052632 1.13684210526 0.7 1.02277411339 
-0.236842105263 1.13684210526 0.7 0.950236317034 
-0.105263157895 1.13684210526 0.7 0.883865451169 
0.0263157894737 1.13684210526 0.7 0.816710024255 
0.157894736842 1.13684210526 0.7 0.754211092555 
0.289473684211 1.13684210526 0.7 0.691219943485 
0.421052631579 1.13684210526 0.7 0.635487917861 
0.552631578947 1.13684210526 0.7 0.597070126642 
0.684210526316 1.13684210526 0.7 0.56478848988 
0.815789473684 1.13684210526 0.7 0.574951552587 
0.947368421053 1.13684210526 0.7 0.603665573213 
1.07894736842 1.13684210526 0.7 0.645950799889 
1.21052631579 1.13684210526 0.7 0.707495495358 
1.34210526316 1.13684210526 0.7 0.771270936414 
1.47368421053 1.13684210526 0.7 0.837850741493 
1.60526315789 1.13684210526 0.7 0.907814413068 
1.73684210526 1.13684210526 0.7 0.974892575938 
1.86842105263 1.13684210526 0.7 1.05297690181 
2 1.13684210526 0.7 1.12407304897 
-0.5 1.2 0.7 1.10792372148 
-0.368421052632 1.2 0.7 1.038005326 
-0.236842105263 1.2 0.7 0.971081000771 
-0.105263157895 1.2 0.7 0.905504886919 
0.0263157894737 1.2 0.7 0.839199275536 
0.157894736842 1.2 0.7 0.774350008346 
0.289473684211 1.2 0.7 0.715039890156 
0.421052631579 1.2 0.7 0.664491543535 
0.552631578947 1.2 0.7 0.625102300704 
0.684210526316 1.2 0.7 0.594293978947 
0.815789473684 1.2 0.7 0.603267388467 
0.947368421053 1.2 0.7 0.631803624459 
1.07894736842 1.2 0.7 0.67320448449 
1.21052631579 1.2 0.7 0.730054702815 
1.34210526316 1.2 0.7 0.794142305545 
1.47368421053 1.2 0.7 0.857478556385 
1.60526315789 1.2 0.7 0.930384367165 
1.73684210526 1.2 0.7 0.996729493053 
1.86842105263 1.2 0.7 1.07230353489 
2 1.2 0.7 1.1439442826 
