0 0 0.7 0.609993465258 
0.0368421052632 0 0.7 0.585363444351 
0.0736842105263 0 0.7 0.560936641824 
0.110526315789 0 0.7 0.536350896635 
0.147368421053 0 0.7 0.512075253265 
0.184210526316 0 0.7 0.48777309941 
0.221052631579 0 0.67 0.464017100223 
0.221052631579 0 0.676 0.463826741185 
0.221052631579 0 0.682 0.46378456308 
0.221052631579 0 0.688 0.46370190739 
0.221052631579 0 0.694 0.463671987071 
0.221052631579 0 0.7 0.463709941099 
0.221052631579 0 0.706 0.463599111145 
0.221052631579 0 0.712 0.463498595488 
0.221052631579 0 0.718 0.46344150482 
0.257894736842 0 0.488938908502 0.436415415152 
0.257894736842 0 0.494938908502 0.436279941458 
0.257894736842 0 0.500938908502 0.436202574529 
0.257894736842 0 0.506938908502 0.436258234017 
0.257894736842 0 0.512938908502 0.436184521954 
0.257894736842 0 0.518938908502 0.436292979925 
0.257894736842 0 0.524938908502 0.436337249889 
0.257894736842 0 0.530938908502 0.436338385538 
0.257894736842 0 0.536938908502 0.436457939615 
0.294736842105 0 0.479515815671 0.40621420855 
0.294736842105 0 0.485515815671 0.40590391553 
0.294736842105 0 0.491515815671 0.405735795185 
0.294736842105 0 0.497515815671 0.405560301816 
0.294736842105 0 0.503515815671 0.40547187758 
0.294736842105 0 0.509515815671 0.405494639067 
0.294736842105 0 0.515515815671 0.405561238904 
0.294736842105 0 0.521515815671 0.405724775773 
0.294736842105 0 0.527515815671 0.405919071492 
0.331578947368 0 0.491739902486 0.377739205617 
0.331578947368 0 0.497739902486 0.377509855616 
0.331578947368 0 0.503739902486 0.377323633406 
0.331578947368 0 0.509739902486 0.377364903398 
0.331578947368 0 0.515739902486 0.377240760309 
0.331578947368 0 0.521739902486 0.377253619485 
0.331578947368 0 0.527739902486 0.377413608232 
0.331578947368 0 0.533739902486 0.377538694774 
0.331578947368 0 0.539739902486 0.377885606693 
0.368421052632 0 0.497070202769 0.351944343241 
0.368421052632 0 0.503070202769 0.351755328769 
0.368421052632 0 0.509070202769 0.351549947534 
0.368421052632 0 0.515070202769 0.35143511525 
0.368421052632 0 0.521070202769 0.351379281044 
0.368421052632 0 0.527070202769 0.351431060985 
0.368421052632 0 0.533070202769 0.351503865075 
0.368421052632 0 0.539070202769 0.351570562107 
0.368421052632 0 0.545070202769 0.351842920343 
0.405263157895 0 0.505366510222 0.327959501201 
0.405263157895 0 0.511366510222 0.327826065187 
0.405263157895 0 0.517366510222 0.327741053759 
0.405263157895 0 0.523366510222 0.327708462407 
0.405263157895 0 0.529366510222 0.327659265434 
0.405263157895 0 0.535366510222 0.327723674175 
0.405263157895 0 0.541366510222 0.327758393693 
0.405263157895 0 0.547366510222 0.327892696974 
0.405263157895 0 0.553366510222 0.328068166255 
0.442105263158 0 0.503919603476 0.306030296293 
0.442105263158 0 0.509919603476 0.305814415004 
0.442105263158 0 0.515919603476 0.305685144873 
0.442105263158 0 0.521919603476 0.305588797848 
0.442105263158 0 0.527919603476 0.305585401122 
0.442105263158 0 0.533919603476 0.305581467378 
0.442105263158 0 0.539919603476 0.305603616437 
0.442105263158 0 0.545919603476 0.305745541417 
0.442105263158 0 0.551919603476 0.305863148543 
0.478947368421 0 0.510774751358 0.28644061688 
0.478947368421 0 0.516774751358 0.285853797408 
0.478947368421 0 0.522774751358 0.285428531569 
0.478947368421 0 0.528774751358 0.285198834177 
0.478947368421 0 0.534774751358 0.285162139774 
0.478947368421 0 0.540774751358 0.285167451799 
0.478947368421 0 0.546774751358 0.285239640798 
0.478947368421 0 0.552774751358 0.285323520143 
0.478947368421 0 0.558774751358 0.285456376905 
0.515789473684 0 0.539186042325 0.267979249872 
0.515789473684 0 0.545186042325 0.267375396058 
0.515789473684 0 0.551186042325 0.26694890767 
0.515789473684 0 0.557186042325 0.266646126041 
0.515789473684 0 0.563186042325 0.266573423915 
0.515789473684 0 0.569186042325 0.266690079821 
0.515789473684 0 0.575186042325 0.266915697408 
0.515789473684 0 0.581186042325 0.267126872199 
0.515789473684 0 0.587186042325 0.267402638363 
0.552631578947 0 0.569622158693 0.25133330317 
0.552631578947 0 0.575622158693 0.250854292757 
0.552631578947 0 0.581622158693 0.250487814461 
0.552631578947 0 0.587622158693 0.250249532253 
0.552631578947 0 0.593622158693 0.250143276935 
0.552631578947 0 0.599622158693 0.250203399366 
0.552631578947 0 0.605622158693 0.250493683976 
0.552631578947 0 0.611622158693 0.250811149913 
0.552631578947 0 0.617622158693 0.251146402831 
0.589473684211 0 0.605087617615 0.236165119838 
0.589473684211 0 0.611087617615 0.235814556287 
0.589473684211 0 0.617087617615 0.235588451182 
0.589473684211 0 0.623087617615 0.23549253799 
0.589473684211 0 0.629087617615 0.235463675991 
0.589473684211 0 0.635087617615 0.235656823251 
0.589473684211 0 0.641087617615 0.236004190594 
0.589473684211 0 0.647087617615 0.236459327974 
0.589473684211 0 0.653087617615 0.236907929602 
0.626315789474 0 0.634173088778 0.223040937447 
0.626315789474 0 0.640173088778 0.222710425898 
0.626315789474 0 0.646173088778 0.222470614603 
0.626315789474 0 0.652173088778 0.222334813358 
0.626315789474 0 0.658173088778 0.222302021591 
0.626315789474 0 0.664173088778 0.222421395341 
0.626315789474 0 0.670173088778 0.222632912921 
0.626315789474 0 0.676173088778 0.223046714072 
0.626315789474 0 0.682173088778 0.223522245905 
0.663157894737 0 0.665249316892 0.211147846985 
0.663157894737 0 0.671249316892 0.210816342098 
0.663157894737 0 0.677249316892 0.210564570911 
0.663157894737 0 0.683249316892 0.210464792879 
0.663157894737 0 0.689249316892 0.210436176884 
0.663157894737 0 0.695249316892 0.2105417832 
0.663157894737 0 0.701249316892 0.210763505494 
0.663157894737 0 0.707249316892 0.211051196968 
0.663157894737 0 0.713249316892 0.211541809291 
0.7 0 0.7 0.200213326912 
0 0.0210526315789 0.7 0.612260258824 
0.0368421052632 0.0210526315789 0.7 0.587622904324 
0.0736842105263 0.0210526315789 0.7 0.563069973615 
0.110526315789 0.0210526315789 0.7 0.538591299183 
0.147368421053 0.0210526315789 0.7 0.514205045826 
0.184210526316 0.0210526315789 0.7 0.489935528323 
0.221052631579 0.0210526315789 0.7 0.46573772302 
0.257894736842 0.0210526315789 0.493607432861 0.439193856782 
0.257894736842 0.0210526315789 0.499607432861 0.439086805852 
0.257894736842 0.0210526315789 0.505607432861 0.438997060657 
0.257894736842 0.0210526315789 0.511607432861 0.438965259591 
0.257894736842 0.0210526315789 0.517607432861 0.438939949712 
0.257894736842 0.0210526315789 0.523607432861 0.438951338641 
0.257894736842 0.0210526315789 0.529607432861 0.438983097577 
0.257894736842 0.0210526315789 0.535607432861 0.43902482102 
0.257894736842 0.0210526315789 0.541607432861 0.439084085862 
0.294736842105 0.0210526315789 0.482787231423 0.40864204171 
0.294736842105 0.0210526315789 0.488787231423 0.408398131649 
0.294736842105 0.0210526315789 0.494787231423 0.408224164451 
0.294736842105 0.0210526315789 0.500787231423 0.408135110189 
0.294736842105 0.0210526315789 0.506787231423 0.408110359351 
0.294736842105 0.0210526315789 0.512787231423 0.408182002489 
0.294736842105 0.0210526315789 0.518787231423 0.408308188766 
0.294736842105 0.0210526315789 0.524787231423 0.408496437375 
0.294736842105 0.0210526315789 0.530787231423 0.408702068142 
0.331578947368 0.0210526315789 0.490515800651 0.380165625412 
0.331578947368 0.0210526315789 0.496515800651 0.379943487392 
0.331578947368 0.0210526315789 0.502515800651 0.379764955798 
0.331578947368 0.0210526315789 0.508515800651 0.379663269771 
0.331578947368 0.0210526315789 0.514515800651 0.379633631261 
0.331578947368 0.0210526315789 0.520515800651 0.3796900542 
0.331578947368 0.0210526315789 0.526515800651 0.379790876932 
0.331578947368 0.0210526315789 0.532515800651 0.379965655584 
0.331578947368 0.0210526315789 0.538515800651 0.380199125062 
0.368421052632 0.0210526315789 0.497801671234 0.35402496665 
0.368421052632 0.0210526315789 0.503801671234 0.353829802704 
0.368421052632 0.0210526315789 0.509801671234 0.353692724709 
0.368421052632 0.0210526315789 0.515801671234 0.353628324719 
0.368421052632 0.0210526315789 0.521801671234 0.353592207994 
0.368421052632 0.0210526315789 0.527801671234 0.353619055369 
0.368421052632 0.0210526315789 0.533801671234 0.353706838508 
0.368421052632 0.0210526315789 0.539801671234 0.35383320117 
0.368421052632 0.0210526315789 0.545801671234 0.3540268687 
0.405263157895 0.0210526315789 0.501947647997 0.32983706736 
0.405263157895 0.0210526315789 0.507947647997 0.329687572229 
0.405263157895 0.0210526315789 0.513947647997 0.32959888871 
0.405263157895 0.0210526315789 0.519947647997 0.329556533004 
0.405263157895 0.0210526315789 0.525947647997 0.329545104293 
0.405263157895 0.0210526315789 0.531947647997 0.329593504133 
0.405263157895 0.0210526315789 0.537947647997 0.329675628174 
0.405263157895 0.0210526315789 0.543947647997 0.329781860571 
0.405263157895 0.0210526315789 0.549947647997 0.329958493425 
0.442105263158 0.0210526315789 0.505420123054 0.307525765788 
0.442105263158 0.0210526315789 0.511420123054 0.307366504377 
0.442105263158 0.0210526315789 0.517420123054 0.307258915882 
0.442105263158 0.0210526315789 0.523420123054 0.307204886302 
0.442105263158 0.0210526315789 0.529420123054 0.307190324631 
0.442105263158 0.0210526315789 0.535420123054 0.307234070077 
0.442105263158 0.0210526315789 0.541420123054 0.307327773188 
0.442105263158 0.0210526315789 0.547420123054 0.307459767982 
0.442105263158 0.0210526315789 0.553420123054 0.307631146054 
0.478947368421 0.0210526315789 0.511136183333 0.287897315779 
0.478947368421 0.0210526315789 0.517136183333 0.287291984342 
0.478947368421 0.0210526315789 0.523136183333 0.286857970997 
0.478947368421 0.0210526315789 0.529136183333 0.286655518996 
0.478947368421 0.0210526315789 0.535136183333 0.286608806699 
0.478947368421 0.0210526315789 0.541136183333 0.286633425166 
0.478947368421 0.0210526315789 0.547136183333 0.286701906961 
0.478947368421 0.0210526315789 0.553136183333 0.28680757932 
0.478947368421 0.0210526315789 0.559136183333 0.286970969045 
0.515789473684 0.0210526315789 0.539309377456 0.269323164884 
0.515789473684 0.0210526315789 0.545309377456 0.268745253576 
0.515789473684 0.0210526315789 0.551309377456 0.268318603427 
0.515789473684 0.0210526315789 0.557309377456 0.268053147496 
0.515789473684 0.0210526315789 0.563309377456 0.267961653427 
0.515789473684 0.0210526315789 0.569309377456 0.268069936208 
0.515789473684 0.0210526315789 0.575309377456 0.268257560682 
0.515789473684 0.0210526315789 0.581309377456 0.26849618049 
0.515789473684 0.0210526315789 0.587309377456 0.268768477695 
0.552631578947 0.0210526315789 0.569622158693 0.252646315401 
0.552631578947 0.0210526315789 0.575622158693 0.252137751447 
0.552631578947 0.0210526315789 0.581622158693 0.251767294978 
0.552631578947 0.0210526315789 0.587622158693 0.251527143427 
0.552631578947 0.0210526315789 0.593622158693 0.251433367823 
0.552631578947 0.0210526315789 0.599622158693 0.251498255477 
0.552631578947 0.0210526315789 0.605622158693 0.251754277142 
0.552631578947 0.0210526315789 0.611622158693 0.25208266508 
0.552631578947 0.0210526315789 0.617622158693 0.252456428722 
0.589473684211 0.0210526315789 0.600558306498 0.237747116699 
0.589473684211 0.0210526315789 0.606558306498 0.237293847885 
0.589473684211 0.0210526315789 0.612558306498 0.236967748305 
0.589473684211 0.0210526315789 0.618558306498 0.236766168922 
0.589473684211 0.0210526315789 0.624558306498 0.236685979293 
0.589473684211 0.0210526315789 0.630558306498 0.236742155685 
0.589473684211 0.0210526315789 0.636558306498 0.236945157235 
0.589473684211 0.0210526315789 0.642558306498 0.23732411705 
0.589473684211 0.0210526315789 0.648558306498 0.237766779835 
0.626315789474 0.0210526315789 0.630561074312 0.224506580377 
0.626315789474 0.0210526315789 0.636561074312 0.224058385488 
0.626315789474 0.0210526315789 0.642561074312 0.223736112757 
0.626315789474 0.0210526315789 0.648561074312 0.223535858113 
0.626315789474 0.0210526315789 0.654561074312 0.223455460063 
0.626315789474 0.0210526315789 0.660561074312 0.223491787105 
0.626315789474 0.0210526315789 0.666561074312 0.223650554312 
0.626315789474 0.0210526315789 0.672561074312 0.223934201155 
0.626315789474 0.0210526315789 0.678561074312 0.224380366151 
0.663157894737 0.0210526315789 0.661696984 0.212679543801 
0.663157894737 0.0210526315789 0.667696984 0.212093869228 
0.663157894737 0.0210526315789 0.673696984 0.211786752697 
0.663157894737 0.0210526315789 0.679696984 0.211594548078 
0.663157894737 0.0210526315789 0.685696984 0.211518534291 
0.663157894737 0.0210526315789 0.691696984 0.211554663681 
0.663157894737 0.0210526315789 0.697696984 0.211697037923 
0.663157894737 0.0210526315789 0.703696984 0.211950571521 
0.663157894737 0.0210526315789 0.709696984 0.212321693565 
0.7 0.0210526315789 0.7 0.201219332296 
0 0.0421052631579 0.7 0.614177396228 
0.0368421052632 0.0421052631579 0.7 0.589548863468 
0.0736842105263 0.0421052631579 0.7 0.564980382843 
0.110526315789 0.0421052631579 0.7 0.540514298817 
0.147368421053 0.0421052631579 0.7 0.51614683586 
0.184210526316 0.0421052631579 0.7 0.491892425145 
0.221052631579 0.0421052631579 0.7 0.467712740821 
0.257894736842 0.0421052631579 0.507585239918 0.442019575761 
0.257894736842 0.0421052631579 0.513585239918 0.441887548595 
0.257894736842 0.0421052631579 0.519585239918 0.441785119639 
0.257894736842 0.0421052631579 0.525585239918 0.441720359511 
0.257894736842 0.0421052631579 0.531585239918 0.441686213616 
0.257894736842 0.0421052631579 0.537585239918 0.441696409934 
0.257894736842 0.0421052631579 0.543585239918 0.441709628385 
0.257894736842 0.0421052631579 0.549585239918 0.441748043543 
0.257894736842 0.0421052631579 0.555585239918 0.441784489411 
0.294736842105 0.0421052631579 0.483021490214 0.411985067206 
0.294736842105 0.0421052631579 0.489021490214 0.411729091641 
0.294736842105 0.0421052631579 0.495021490214 0.411531718512 
0.294736842105 0.0421052631579 0.501021490214 0.411432671306 
0.294736842105 0.0421052631579 0.507021490214 0.411396406381 
0.294736842105 0.0421052631579 0.513021490214 0.411443181295 
0.294736842105 0.0421052631579 0.519021490214 0.411503246619 
0.294736842105 0.0421052631579 0.525021490214 0.411610836977 
0.294736842105 0.0421052631579 0.531021490214 0.411734260123 
0.331578947368 0.0421052631579 0.488510659544 0.383410709088 
0.331578947368 0.0421052631579 0.494510659544 0.38316386678 
0.331578947368 0.0421052631579 0.500510659544 0.382963287417 
0.331578947368 0.0421052631579 0.506510659544 0.382835872458 
0.331578947368 0.0421052631579 0.512510659544 0.382777560473 
0.331578947368 0.0421052631579 0.518510659544 0.382790579118 
0.331578947368 0.0421052631579 0.524510659544 0.382849978809 
0.331578947368 0.0421052631579 0.530510659544 0.382987011764 
0.331578947368 0.0421052631579 0.536510659544 0.38319271321 
0.368421052632 0.0421052631579 0.497454474569 0.356867309725 
0.368421052632 0.0421052631579 0.503454474569 0.356705923171 
0.368421052632 0.0421052631579 0.509454474569 0.356580943871 
0.368421052632 0.0421052631579 0.515454474569 0.356520374711 
0.368421052632 0.0421052631579 0.521454474569 0.356500489876 
0.368421052632 0.0421052631579 0.527454474569 0.356533012619 
0.368421052632 0.0421052631579 0.533454474569 0.356634420083 
0.368421052632 0.0421052631579 0.539454474569 0.35675979422 
0.368421052632 0.0421052631579 0.545454474569 0.356956914341 
0.405263157895 0.0421052631579 0.494672036535 0.332553427558 
0.405263157895 0.0421052631579 0.500672036535 0.332372122468 
0.405263157895 0.0421052631579 0.506672036535 0.332251854714 
0.405263157895 0.0421052631579 0.512672036535 0.33217789376 
0.405263157895 0.0421052631579 0.518672036535 0.332147808421 
0.405263157895 0.0421052631579 0.524672036535 0.332160158426 
0.405263157895 0.0421052631579 0.530672036535 0.332208390002 
0.405263157895 0.0421052631579 0.536672036535 0.332294559873 
0.405263157895 0.0421052631579 0.542672036535 0.332438158829 
0.442105263158 0.0421052631579 0.496998565071 0.310030846339 
0.442105263158 0.0421052631579 0.502998565071 0.309793208771 
0.442105263158 0.0421052631579 0.508998565071 0.309621826042 
0.442105263158 0.0421052631579 0.514998565071 0.30950590716 
0.442105263158 0.0421052631579 0.520998565071 0.309449431127 
0.442105263158 0.0421052631579 0.526998565071 0.309454921978 
0.442105263158 0.0421052631579 0.532998565071 0.309516517779 
0.442105263158 0.0421052631579 0.538998565071 0.309618955886 
0.442105263158 0.0421052631579 0.544998565071 0.30976300675 
0.478947368421 0.0421052631579 0.511244405946 0.289780558744 
0.478947368421 0.0421052631579 0.517244405946 0.289210952836 
0.478947368421 0.0421052631579 0.523244405946 0.288829377247 
0.478947368421 0.0421052631579 0.529244405946 0.288672149695 
0.478947368421 0.0421052631579 0.535244405946 0.288642473118 
0.478947368421 0.0421052631579 0.541244405946 0.28867673793 
0.478947368421 0.0421052631579 0.547244405946 0.288748229998 
0.478947368421 0.0421052631579 0.553244405946 0.288876795198 
0.478947368421 0.0421052631579 0.559244405946 0.289070642011 
0.515789473684 0.0421052631579 0.538029918976 0.271172573133 
0.515789473684 0.0421052631579 0.544029918976 0.270597025732 
0.515789473684 0.0421052631579 0.550029918976 0.270181710955 
0.515789473684 0.0421052631579 0.556029918976 0.269922790066 
0.515789473684 0.0421052631579 0.562029918976 0.269837268896 
0.515789473684 0.0421052631579 0.568029918976 0.269931912799 
0.515789473684 0.0421052631579 0.574029918976 0.270107845797 
0.515789473684 0.0421052631579 0.580029918976 0.270349771906 
0.515789473684 0.0421052631579 0.586029918976 0.270633493973 
0.552631578947 0.0421052631579 0.569622158693 0.254240946615 
0.552631578947 0.0421052631579 0.575622158693 0.253746817879 
0.552631578947 0.0421052631579 0.581622158693 0.253405069532 
0.552631578947 0.0421052631579 0.587622158693 0.25319988518 
0.552631578947 0.0421052631579 0.593622158693 0.253141540694 
0.552631578947 0.0421052631579 0.599622158693 0.253254056561 
0.552631578947 0.0421052631579 0.605622158693 0.253533271528 
0.552631578947 0.0421052631579 0.611622158693 0.2538749945 
0.552631578947 0.0421052631579 0.617622158693 0.254257219221 
0.589473684211 0.0421052631579 0.599210556278 0.239361338253 
0.589473684211 0.0421052631579 0.605210556278 0.238876827103 
0.589473684211 0.0421052631579 0.611210556278 0.23853635208 
0.589473684211 0.0421052631579 0.617210556278 0.238335466026 
0.589473684211 0.0421052631579 0.623210556278 0.238262316369 
0.589473684211 0.0421052631579 0.629210556278 0.238319167305 
0.589473684211 0.0421052631579 0.635210556278 0.238529895931 
0.589473684211 0.0421052631579 0.641210556278 0.238905139352 
0.589473684211 0.0421052631579 0.647210556278 0.239345225325 
0.626315789474 0.0421052631579 0.630734570432 0.225909886611 
0.626315789474 0.0421052631579 0.636734570432 0.225457069805 
0.626315789474 0.0421052631579 0.642734570432 0.22513777668 
0.626315789474 0.0421052631579 0.648734570432 0.224954899924 
0.626315789474 0.0421052631579 0.654734570432 0.224906105188 
0.626315789474 0.0421052631579 0.660734570432 0.224979889784 
0.626315789474 0.0421052631579 0.666734570432 0.225173156304 
0.626315789474 0.0421052631579 0.672734570432 0.22550216704 
0.626315789474 0.0421052631579 0.678734570432 0.225978289829 
0.663157894737 0.0421052631579 0.661696984 0.214021232972 
0.663157894737 0.0421052631579 0.667696984 0.213434006239 
0.663157894737 0.0421052631579 0.673696984 0.213119177876 
0.663157894737 0.0421052631579 0.679696984 0.212929368117 
0.663157894737 0.0421052631579 0.685696984 0.212866390775 
0.663157894737 0.0421052631579 0.691696984 0.212928349412 
0.663157894737 0.0421052631579 0.697696984 0.213102891645 
0.663157894737 0.0421052631579 0.703696984 0.213388033103 
0.663157894737 0.0421052631579 0.709696984 0.21380124944 
0.7 0.0421052631579 0.7 0.202525815532 
0 0.0631578947368 0.7 0.616280904125 
0.0368421052632 0.0631578947368 0.7 0.591633157915 
0.0736842105263 0.0631578947368 0.7 0.56708441525 
0.110526315789 0.0631578947368 0.7 0.542640127728 
0.147368421053 0.0631578947368 0.7 0.518320771653 
0.184210526316 0.0631578947368 0.7 0.494091024816 
0.221052631579 0.0631578947368 0.7 0.469978406346 
0.257894736842 0.0631578947368 0.525379621144 0.444782751027 
0.257894736842 0.0631578947368 0.531379621144 0.444701222661 
0.257894736842 0.0631578947368 0.537379621144 0.444660031614 
0.257894736842 0.0631578947368 0.543379621144 0.444618728476 
0.257894736842 0.0631578947368 0.549379621144 0.444620761938 
0.257894736842 0.0631578947368 0.555379621144 0.444623142052 
0.257894736842 0.0631578947368 0.561379621144 0.444653141378 
0.257894736842 0.0631578947368 0.567379621144 0.444690751603 
0.257894736842 0.0631578947368 0.573379621144 0.444718634203 
0.294736842105 0.0631578947368 0.482775065722 0.415206140016 
0.294736842105 0.0631578947368 0.488775065722 0.414939679223 
0.294736842105 0.0631578947368 0.494775065722 0.414729255621 
0.294736842105 0.0631578947368 0.500775065722 0.41460915115 
0.294736842105 0.0631578947368 0.506775065722 0.414540359969 
0.294736842105 0.0631578947368 0.512775065722 0.414557869052 
0.294736842105 0.0631578947368 0.518775065722 0.414588617807 
0.294736842105 0.0631578947368 0.524775065722 0.414669065774 
0.294736842105 0.0631578947368 0.530775065722 0.414761141166 
0.331578947368 0.0631578947368 0.493847599762 0.386194588545 
0.331578947368 0.0631578947368 0.499847599762 0.385974551115 
0.331578947368 0.0631578947368 0.505847599762 0.385840193718 
0.331578947368 0.0631578947368 0.511847599762 0.385766531102 
0.331578947368 0.0631578947368 0.517847599762 0.385764099207 
0.331578947368 0.0631578947368 0.523847599762 0.385825400299 
0.331578947368 0.0631578947368 0.529847599762 0.385941692591 
0.331578947368 0.0631578947368 0.535847599762 0.386124196279 
0.331578947368 0.0631578947368 0.541847599762 0.386370537016 
0.368421052632 0.0631578947368 0.495450777563 0.3598071459 
0.368421052632 0.0631578947368 0.501450777563 0.359584609448 
0.368421052632 0.0631578947368 0.507450777563 0.359428254525 
0.368421052632 0.0631578947368 0.513450777563 0.359350104359 
0.368421052632 0.0631578947368 0.519450777563 0.359302196946 
0.368421052632 0.0631578947368 0.525450777563 0.359322808509 
0.368421052632 0.0631578947368 0.531450777563 0.359390522583 
0.368421052632 0.0631578947368 0.537450777563 0.359494513102 
0.368421052632 0.0631578947368 0.543450777563 0.359666437669 
0.405263157895 0.0631578947368 0.499655618168 0.335210564882 
0.405263157895 0.0631578947368 0.505655618168 0.335040489146 
0.405263157895 0.0631578947368 0.511655618168 0.334932984682 
0.405263157895 0.0631578947368 0.517655618168 0.334871182212 
0.405263157895 0.0631578947368 0.523655618168 0.334842508572 
0.405263157895 0.0631578947368 0.529655618168 0.334876132351 
0.405263157895 0.0631578947368 0.535655618168 0.334938176363 
0.405263157895 0.0631578947368 0.541655618168 0.335033429551 
0.405263157895 0.0631578947368 0.547655618168 0.335202618973 
0.442105263158 0.0631578947368 0.501285759118 0.31265595157 
0.442105263158 0.0631578947368 0.507285759118 0.312431936066 
0.442105263158 0.0631578947368 0.513285759118 0.312275168871 
0.442105263158 0.0631578947368 0.519285759118 0.312180556157 
0.442105263158 0.0631578947368 0.525285759118 0.312137994406 
0.442105263158 0.0631578947368 0.531285759118 0.312146935384 
0.442105263158 0.0631578947368 0.537285759118 0.312202229244 
0.442105263158 0.0631578947368 0.543285759118 0.312311168647 
0.442105263158 0.0631578947368 0.549285759118 0.312454574716 
0.478947368421 0.0631578947368 0.516774751358 0.291997640715 
0.478947368421 0.0631578947368 0.522774751358 0.291570160136 
0.478947368421 0.0631578947368 0.528774751358 0.291349106997 
0.478947368421 0.0631578947368 0.534774751358 0.291260153458 
0.478947368421 0.0631578947368 0.540774751358 0.291256125621 
0.478947368421 0.0631578947368 0.546774751358 0.291314200177 
0.478947368421 0.0631578947368 0.552774751358 0.291416590495 
0.478947368421 0.0631578947368 0.558774751358 0.2915672668 
0.478947368421 0.0631578947368 0.564774751358 0.291773627274 
0.515789473684 0.0631578947368 0.539633338041 0.273582135331 
0.515789473684 0.0631578947368 0.545633338041 0.273041207165 
0.515789473684 0.0631578947368 0.551633338041 0.272656790379 
0.515789473684 0.0631578947368 0.557633338041 0.272405945334 
0.515789473684 0.0631578947368 0.563633338041 0.272338411533 
0.515789473684 0.0631578947368 0.569633338041 0.272445134816 
0.515789473684 0.0631578947368 0.575633338041 0.27261159287 
0.515789473684 0.0631578947368 0.581633338041 0.272831026047 
0.515789473684 0.0631578947368 0.587633338041 0.2730984289 
0.552631578947 0.0631578947368 0.569622158693 0.256639525229 
0.552631578947 0.0631578947368 0.575622158693 0.256149857639 
0.552631578947 0.0631578947368 0.581622158693 0.255807533266 
0.552631578947 0.0631578947368 0.587622158693 0.255606455023 
0.552631578947 0.0631578947368 0.593622158693 0.25552884074 
0.552631578947 0.0631578947368 0.599622158693 0.25560818982 
0.552631578947 0.0631578947368 0.605622158693 0.255856255182 
0.552631578947 0.0631578947368 0.611622158693 0.256165451703 
0.552631578947 0.0631578947368 0.617622158693 0.256525137902 
0.589473684211 0.0631578947368 0.599888425351 0.241569794825 
0.589473684211 0.0631578947368 0.605888425351 0.241079923839 
0.589473684211 0.0631578947368 0.611888425351 0.240757156272 
0.589473684211 0.0631578947368 0.617888425351 0.24057612167 
0.589473684211 0.0631578947368 0.623888425351 0.240530063313 
0.589473684211 0.0631578947368 0.629888425351 0.240594225343 
0.589473684211 0.0631578947368 0.635888425351 0.240788296831 
0.589473684211 0.0631578947368 0.641888425351 0.241140485853 
0.589473684211 0.0631578947368 0.647888425351 0.241560568576 
0.626315789474 0.0631578947368 0.62903289994 0.228199325892 
0.626315789474 0.0631578947368 0.63503289994 0.227706466879 
0.626315789474 0.0631578947368 0.64103289994 0.227345789902 
0.626315789474 0.0631578947368 0.64703289994 0.227133928916 
0.626315789474 0.0631578947368 0.65303289994 0.227048626261 
0.626315789474 0.0631578947368 0.65903289994 0.227077965765 
0.626315789474 0.0631578947368 0.66503289994 0.227224435101 
0.626315789474 0.0631578947368 0.67103289994 0.22749215802 
0.626315789474 0.0631578947368 0.67703289994 0.227919137443 
0.663157894737 0.0631578947368 0.661696984 0.216079476482 
0.663157894737 0.0631578947368 0.667696984 0.215460167875 
0.663157894737 0.0631578947368 0.673696984 0.215137063541 
0.663157894737 0.0631578947368 0.679696984 0.214937344431 
0.663157894737 0.0631578947368 0.685696984 0.214881519938 
0.663157894737 0.0631578947368 0.691696984 0.214947401394 
0.663157894737 0.0631578947368 0.697696984 0.215128561421 
0.663157894737 0.0631578947368 0.703696984 0.215402689485 
0.663157894737 0.0631578947368 0.709696984 0.215791180086 
0.7 0.0631578947368 0.7 0.204470017491 
0 0.0842105263158 0.7 0.618015645095 
0.0368421052632 0.0842105263158 0.7 0.593327399765 
0.0736842105263 0.0842105263158 0.7 0.568769956895 
0.110526315789 0.0842105263158 0.7 0.544280722606 
0.147368421053 0.0842105263158 0.7 0.519893056426 
0.184210526316 0.0842105263158 0.7 0.495608787526 
0.221052631579 0.0842105263158 0.7 0.471435984358 
0.257894736842 0.0842105263158 0.532538408425 0.446355861744 
0.257894736842 0.0842105263158 0.538538408425 0.44624847786 
0.257894736842 0.0842105263158 0.544538408425 0.4461996755 
0.257894736842 0.0842105263158 0.550538408425 0.446148416521 
0.257894736842 0.0842105263158 0.556538408425 0.446148673931 
0.257894736842 0.0842105263158 0.562538408425 0.446163931293 
0.257894736842 0.0842105263158 0.568538408425 0.446181333123 
0.257894736842 0.0842105263158 0.574538408425 0.446218746381 
0.257894736842 0.0842105263158 0.580538408425 0.446235973008 
0.294736842105 0.0842105263158 0.494386785614 0.416950353436 
0.294736842105 0.0842105263158 0.500386785614 0.416733040505 
0.294736842105 0.0842105263158 0.506386785614 0.416567766999 
0.294736842105 0.0842105263158 0.512386785614 0.416478844746 
0.294736842105 0.0842105263158 0.518386785614 0.416440239335 
0.294736842105 0.0842105263158 0.524386785614 0.416476931623 
0.294736842105 0.0842105263158 0.530386785614 0.416539447346 
0.294736842105 0.0842105263158 0.536386785614 0.416631866623 
0.294736842105 0.0842105263158 0.542386785614 0.416722000112 
0.331578947368 0.0842105263158 0.497988395216 0.388443998401 
0.331578947368 0.0842105263158 0.503988395216 0.388231933941 
0.331578947368 0.0842105263158 0.509988395216 0.388077146709 
0.331578947368 0.0842105263158 0.515988395216 0.387996975851 
0.331578947368 0.0842105263158 0.521988395216 0.38796054613 
0.331578947368 0.0842105263158 0.527988395216 0.387993688825 
0.331578947368 0.0842105263158 0.533988395216 0.388081219768 
0.331578947368 0.0842105263158 0.539988395216 0.388228172831 
0.331578947368 0.0842105263158 0.545988395216 0.388405915171 
0.368421052632 0.0842105263158 0.505672589366 0.362039857222 
0.368421052632 0.0842105263158 0.511672589366 0.361856459463 
0.368421052632 0.0842105263158 0.517672589366 0.361741887603 
0.368421052632 0.0842105263158 0.523672589366 0.36168145363 
0.368421052632 0.0842105263158 0.529672589366 0.361654673343 
0.368421052632 0.0842105263158 0.535672589366 0.361700810203 
0.368421052632 0.0842105263158 0.541672589366 0.361803571832 
0.368421052632 0.0842105263158 0.547672589366 0.361962806729 
0.368421052632 0.0842105263158 0.553672589366 0.362159892691 
0.405263157895 0.0842105263158 0.50946214613 0.337763553042 
0.405263157895 0.0842105263158 0.51546214613 0.337595941439 
0.405263157895 0.0842105263158 0.52146214613 0.337468522722 
0.405263157895 0.0842105263158 0.52746214613 0.337403556509 
0.405263157895 0.0842105263158 0.53346214613 0.337380999408 
0.405263157895 0.0842105263158 0.53946214613 0.337410274916 
0.405263157895 0.0842105263158 0.54546214613 0.337495976587 
0.405263157895 0.0842105263158 0.55146214613 0.337623931911 
0.405263157895 0.0842105263158 0.55746214613 0.337803920306 
0.442105263158 0.0842105263158 0.5124036828 0.315356312786 
0.442105263158 0.0842105263158 0.5184036828 0.315162313004 
0.442105263158 0.0842105263158 0.5244036828 0.315033488884 
0.442105263158 0.0842105263158 0.5304036828 0.314965420312 
0.442105263158 0.0842105263158 0.5364036828 0.314931914891 
0.442105263158 0.0842105263158 0.5424036828 0.314937809 
0.442105263158 0.0842105263158 0.5484036828 0.315008135504 
0.442105263158 0.0842105263158 0.5544036828 0.315125605471 
0.442105263158 0.0842105263158 0.5604036828 0.315258515248 
0.478947368421 0.0842105263158 0.524333231362 0.29465105035 
0.478947368421 0.0842105263158 0.530333231362 0.294410410059 
0.478947368421 0.0842105263158 0.536333231362 0.294269689741 
0.478947368421 0.0842105263158 0.542333231362 0.294198684726 
0.478947368421 0.0842105263158 0.548333231362 0.294189921228 
0.478947368421 0.0842105263158 0.554333231362 0.294242603763 
0.478947368421 0.0842105263158 0.560333231362 0.29434323206 
0.478947368421 0.0842105263158 0.566333231362 0.294480104743 
0.478947368421 0.0842105263158 0.572333231362 0.294653899142 
0.515789473684 0.0842105263158 0.539709443166 0.276913536823 
0.515789473684 0.0842105263158 0.545709443166 0.276249938675 
0.515789473684 0.0842105263158 0.551709443166 0.275746553974 
0.515789473684 0.0842105263158 0.557709443166 0.275408268243 
0.515789473684 0.0842105263158 0.563709443166 0.275274495166 
0.515789473684 0.0842105263158 0.569709443166 0.275313420969 
0.515789473684 0.0842105263158 0.575709443166 0.275409291147 
0.515789473684 0.0842105263158 0.581709443166 0.27555620445 
0.515789473684 0.0842105263158 0.587709443166 0.275761115421 
0.552631578947 0.0842105263158 0.569622158693 0.259897525434 
0.552631578947 0.0842105263158 0.575622158693 0.259293205489 
0.552631578947 0.0842105263158 0.581622158693 0.258835287743 
0.552631578947 0.0842105263158 0.587622158693 0.258521753794 
0.552631578947 0.0842105263158 0.593622158693 0.258359095305 
0.552631578947 0.0842105263158 0.599622158693 0.258372340823 
0.552631578947 0.0842105263158 0.605622158693 0.258558523498 
0.552631578947 0.0842105263158 0.611622158693 0.258803005495 
0.552631578947 0.0842105263158 0.617622158693 0.259097331368 
0.589473684211 0.0842105263158 0.602777055537 0.244430227504 
0.589473684211 0.0842105263158 0.608777055537 0.243927596493 
0.589473684211 0.0842105263158 0.614777055537 0.243572036764 
0.589473684211 0.0842105263158 0.620777055537 0.243345806773 
0.589473684211 0.0842105263158 0.626777055537 0.243254289586 
0.589473684211 0.0842105263158 0.632777055537 0.243303876649 
0.589473684211 0.0842105263158 0.638777055537 0.243530124205 
0.589473684211 0.0842105263158 0.644777055537 0.243864326593 
0.589473684211 0.0842105263158 0.650777055537 0.244247171177 
0.626315789474 0.0842105263158 0.633580629157 0.230849886389 
0.626315789474 0.0842105263158 0.639580629157 0.230353327247 
0.626315789474 0.0842105263158 0.645580629157 0.23000939243 
0.626315789474 0.0842105263158 0.651580629157 0.229801551478 
0.626315789474 0.0842105263158 0.657580629157 0.229713134903 
0.626315789474 0.0842105263158 0.663580629157 0.229749433055 
0.626315789474 0.0842105263158 0.669580629157 0.229915725374 
0.626315789474 0.0842105263158 0.675580629157 0.230247034148 
0.626315789474 0.0842105263158 0.681580629157 0.230679882924 
0.663157894737 0.0842105263158 0.665836 0.218520308323 
0.663157894737 0.0842105263158 0.671836 0.218066203878 
0.663157894737 0.0842105263158 0.677836 0.217752038438 
0.663157894737 0.0842105263158 0.683836 0.217570929946 
0.663157894737 0.0842105263158 0.689836 0.217502470182 
0.663157894737 0.0842105263158 0.695836 0.217541567094 
0.663157894737 0.0842105263158 0.701836 0.217704934837 
0.663157894737 0.0842105263158 0.707836 0.218000938596 
0.663157894737 0.0842105263158 0.713836 0.218456558725 
0.7 0.0842105263158 0.7 0.207292555613 
0 0.105263157895 0.7 0.619061075599 
0.0368421052632 0.105263157895 0.7 0.594281685897 
0.0736842105263 0.105263157895 0.7 0.569605477611 
0.110526315789 0.105263157895 0.7 0.545065500023 
0.147368421053 0.105263157895 0.7 0.520646188729 
0.184210526316 0.105263157895 0.7 0.496287314516 
0.221052631579 0.105263157895 0.7 0.472082682463 
0.257894736842 0.105263157895 0.535893181385 0.446894421293 
0.257894736842 0.105263157895 0.541893181385 0.446811619821 
0.257894736842 0.105263157895 0.547893181385 0.446735390882 
0.257894736842 0.105263157895 0.553893181385 0.446717364825 
0.257894736842 0.105263157895 0.559893181385 0.446713630693 
0.257894736842 0.105263157895 0.565893181385 0.446735642134 
0.257894736842 0.105263157895 0.571893181385 0.446769037342 
0.257894736842 0.105263157895 0.577893181385 0.44678862338 
0.257894736842 0.105263157895 0.583893181385 0.446826783159 
0.294736842105 0.105263157895 0.511741518045 0.417944193221 
0.294736842105 0.105263157895 0.517741518045 0.417770104471 
0.294736842105 0.105263157895 0.523741518045 0.417627111314 
0.294736842105 0.105263157895 0.529741518045 0.417547154862 
0.294736842105 0.105263157895 0.535741518045 0.417512857378 
0.294736842105 0.105263157895 0.541741518045 0.417525628637 
0.294736842105 0.105263157895 0.547741518045 0.417576267281 
0.294736842105 0.105263157895 0.553741518045 0.417674085551 
0.294736842105 0.105263157895 0.559741518045 0.417795553031 
0.331578947368 0.105263157895 0.512257439129 0.390109662169 
0.331578947368 0.105263157895 0.518257439129 0.389954634242 
0.331578947368 0.105263157895 0.524257439129 0.389827746575 
0.331578947368 0.105263157895 0.530257439129 0.389766853655 
0.331578947368 0.105263157895 0.536257439129 0.389754835687 
0.331578947368 0.105263157895 0.542257439129 0.389802048811 
0.331578947368 0.105263157895 0.548257439129 0.389871499588 
0.331578947368 0.105263157895 0.554257439129 0.390005351301 
0.331578947368 0.105263157895 0.560257439129 0.390171834572 
0.368421052632 0.105263157895 0.512540327934 0.364386497314 
0.368421052632 0.105263157895 0.518540327934 0.364166611357 
0.368421052632 0.105263157895 0.524540327934 0.363995260953 
0.368421052632 0.105263157895 0.530540327934 0.36390448551 
0.368421052632 0.105263157895 0.536540327934 0.363845041973 
0.368421052632 0.105263157895 0.542540327934 0.363862079976 
0.368421052632 0.105263157895 0.548540327934 0.363930539189 
0.368421052632 0.105263157895 0.554540327934 0.36404974469 
0.368421052632 0.105263157895 0.560540327934 0.364218824606 
0.405263157895 0.105263157895 0.52183263768 0.340334676629 
0.405263157895 0.105263157895 0.52783263768 0.340165754384 
0.405263157895 0.105263157895 0.53383263768 0.340032096097 
0.405263157895 0.105263157895 0.53983263768 0.3399687178 
0.405263157895 0.105263157895 0.54583263768 0.339944807109 
0.405263157895 0.105263157895 0.55183263768 0.339967803278 
0.405263157895 0.105263157895 0.55783263768 0.340047989653 
0.405263157895 0.105263157895 0.56383263768 0.340166255402 
0.405263157895 0.105263157895 0.56983263768 0.340344850252 
0.442105263158 0.105263157895 0.526683081617 0.318177985035 
0.442105263158 0.105263157895 0.532683081617 0.318024490652 
0.442105263158 0.105263157895 0.538683081617 0.317922850262 
0.442105263158 0.105263157895 0.544683081617 0.317858096 
0.442105263158 0.105263157895 0.550683081617 0.317845584004 
0.442105263158 0.105263157895 0.556683081617 0.317881648558 
0.442105263158 0.105263157895 0.562683081617 0.317937783549 
0.442105263158 0.105263157895 0.568683081617 0.318043079285 
0.442105263158 0.105263157895 0.574683081617 0.318195534772 
0.478947368421 0.105263157895 0.529395035907 0.297950777984 
0.478947368421 0.105263157895 0.535395035907 0.297710203504 
0.478947368421 0.105263157895 0.541395035907 0.297522925412 
0.478947368421 0.105263157895 0.547395035907 0.297400525208 
0.478947368421 0.105263157895 0.553395035907 0.297353737243 
0.478947368421 0.105263157895 0.559395035907 0.297366552382 
0.478947368421 0.105263157895 0.565395035907 0.297405809108 
0.478947368421 0.105263157895 0.571395035907 0.297482535908 
0.478947368421 0.105263157895 0.577395035907 0.297616622223 
0.515789473684 0.105263157895 0.548191501103 0.279647143819 
0.515789473684 0.105263157895 0.554191501103 0.27908455965 
0.515789473684 0.105263157895 0.560191501103 0.278710055552 
0.515789473684 0.105263157895 0.566191501103 0.278564404541 
0.515789473684 0.105263157895 0.572191501103 0.278542644547 
0.515789473684 0.105263157895 0.578191501103 0.278567390604 
0.515789473684 0.105263157895 0.584191501103 0.278645949765 
0.515789473684 0.105263157895 0.590191501103 0.278791311404 
0.515789473684 0.105263157895 0.596191501103 0.278989947867 
0.552631578947 0.105263157895 0.576807587544 0.262792413958 
0.552631578947 0.105263157895 0.582807587544 0.262208510817 
0.552631578947 0.105263157895 0.588807587544 0.261795058171 
0.552631578947 0.105263157895 0.594807587544 0.261552232679 
0.552631578947 0.105263157895 0.600807587544 0.261511790217 
0.552631578947 0.105263157895 0.606807587544 0.26163238159 
0.552631578947 0.105263157895 0.612807587544 0.261798127036 
0.552631578947 0.105263157895 0.618807587544 0.262012493547 
0.552631578947 0.105263157895 0.624807587544 0.262294406054 
0.589473684211 0.105263157895 0.607092512545 0.247625107679 
0.589473684211 0.105263157895 0.613092512545 0.247056156619 
0.589473684211 0.105263157895 0.619092512545 0.246644278158 
0.589473684211 0.105263157895 0.625092512545 0.246396623128 
0.589473684211 0.105263157895 0.631092512545 0.246302510626 
0.589473684211 0.105263157895 0.637092512545 0.246379386725 
0.589473684211 0.105263157895 0.643092512545 0.246626894739 
0.589473684211 0.105263157895 0.649092512545 0.24692623769 
0.589473684211 0.105263157895 0.655092512545 0.247265780329 
0.626315789474 0.105263157895 0.640301337031 0.23377627588 
0.626315789474 0.105263157895 0.646301337031 0.233272714583 
0.626315789474 0.105263157895 0.652301337031 0.232926941443 
0.626315789474 0.105263157895 0.658301337031 0.232732946218 
0.626315789474 0.105263157895 0.664301337031 0.232683664463 
0.626315789474 0.105263157895 0.670301337031 0.232777152692 
0.626315789474 0.105263157895 0.676301337031 0.233042797508 
0.626315789474 0.105263157895 0.682301337031 0.233415399658 
0.626315789474 0.105263157895 0.688301337031 0.233833325329 
0.663157894737 0.105263157895 0.67 0.221669320459 
0.663157894737 0.105263157895 0.676 0.221137997107 
0.663157894737 0.105263157895 0.682 0.220749345825 
0.663157894737 0.105263157895 0.688 0.220506763394 
0.663157894737 0.105263157895 0.694 0.220402925561 
0.663157894737 0.105263157895 0.7 0.220438015174 
0.663157894737 0.105263157895 0.706 0.220603096539 
0.663157894737 0.105263157895 0.712 0.220923700566 
0.663157894737 0.105263157895 0.718 0.221364376934 
0.7 0.105263157895 0.7 0.21074914227 
0 0.126315789474 0.7 0.619772337436 
0.0368421052632 0.126315789474 0.7 0.594906512444 
0.0736842105263 0.126315789474 0.7 0.570163800827 
0.110526315789 0.126315789474 0.7 0.545555758756 
0.147368421053 0.126315789474 0.7 0.521078096853 
0.184210526316 0.126315789474 0.7 0.496708882132 
0.221052631579 0.126315789474 0.7 0.472460267998 
0.257894736842 0.126315789474 0.545450757348 0.447282792163 
0.257894736842 0.126315789474 0.551450757348 0.447195839472 
0.257894736842 0.126315789474 0.557450757348 0.447131150131 
0.257894736842 0.126315789474 0.563450757348 0.447125121981 
0.257894736842 0.126315789474 0.569450757348 0.44713353966 
0.257894736842 0.126315789474 0.575450757348 0.447143085893 
0.257894736842 0.126315789474 0.581450757348 0.447150915198 
0.257894736842 0.126315789474 0.587450757348 0.447187509011 
0.257894736842 0.126315789474 0.593450757348 0.447208161506 
0.294736842105 0.126315789474 0.528251075928 0.418829581313 
0.294736842105 0.126315789474 0.534251075928 0.418671935841 
0.294736842105 0.126315789474 0.540251075928 0.418547497723 
0.294736842105 0.126315789474 0.546251075928 0.418494914588 
0.294736842105 0.126315789474 0.552251075928 0.41847042456 
0.294736842105 0.126315789474 0.558251075928 0.418503044761 
0.294736842105 0.126315789474 0.564251075928 0.418565315243 
0.294736842105 0.126315789474 0.570251075928 0.418670153216 
0.294736842105 0.126315789474 0.576251075928 0.418823340255 
0.331578947368 0.126315789474 0.526413491848 0.391731553362 
0.331578947368 0.126315789474 0.532413491848 0.391557044295 
0.331578947368 0.126315789474 0.538413491848 0.391436164743 
0.331578947368 0.126315789474 0.544413491848 0.391390253793 
0.331578947368 0.126315789474 0.550413491848 0.391367848318 
0.331578947368 0.126315789474 0.556413491848 0.391394994379 
0.331578947368 0.126315789474 0.562413491848 0.391473728094 
0.331578947368 0.126315789474 0.568413491848 0.391601444994 
0.331578947368 0.126315789474 0.574413491848 0.391744137671 
0.368421052632 0.126315789474 0.527488575826 0.366410536945 
0.368421052632 0.126315789474 0.533488575826 0.366232250763 
0.368421052632 0.126315789474 0.539488575826 0.366092849806 
0.368421052632 0.126315789474 0.545488575826 0.36602146153 
0.368421052632 0.126315789474 0.551488575826 0.365993722809 
0.368421052632 0.126315789474 0.557488575826 0.366043844011 
0.368421052632 0.126315789474 0.563488575826 0.366107912626 
0.368421052632 0.126315789474 0.569488575826 0.366221174721 
0.368421052632 0.126315789474 0.575488575826 0.366374846999 
0.405263157895 0.126315789474 0.534777763894 0.342887077479 
0.405263157895 0.126315789474 0.540777763894 0.342705633657 
0.405263157895 0.126315789474 0.546777763894 0.342573107559 
0.405263157895 0.126315789474 0.552777763894 0.3425048624 
0.405263157895 0.126315789474 0.558777763894 0.342468520176 
0.405263157895 0.126315789474 0.564777763894 0.342505089851 
0.405263157895 0.126315789474 0.570777763894 0.342579638853 
0.405263157895 0.126315789474 0.576777763894 0.342699256536 
0.405263157895 0.126315789474 0.582777763894 0.342876801081 
0.442105263158 0.126315789474 0.541039838738 0.321118665772 
0.442105263158 0.126315789474 0.547039838738 0.320962142799 
0.442105263158 0.126315789474 0.553039838738 0.320852369508 
0.442105263158 0.126315789474 0.559039838738 0.320785977947 
0.442105263158 0.126315789474 0.565039838738 0.320753835121 
0.442105263158 0.126315789474 0.571039838738 0.320775786287 
0.442105263158 0.126315789474 0.577039838738 0.320847823834 
0.442105263158 0.126315789474 0.583039838738 0.320936108491 
0.442105263158 0.126315789474 0.589039838738 0.321084996961 
0.478947368421 0.126315789474 0.545648936949 0.301028235484 
0.478947368421 0.126315789474 0.551648936949 0.300839733032 
0.478947368421 0.126315789474 0.557648936949 0.300704569529 
0.478947368421 0.126315789474 0.563648936949 0.300631315772 
0.478947368421 0.126315789474 0.569648936949 0.300610073441 
0.478947368421 0.126315789474 0.575648936949 0.300626889344 
0.478947368421 0.126315789474 0.581648936949 0.300676474742 
0.478947368421 0.126315789474 0.587648936949 0.300771544273 
0.478947368421 0.126315789474 0.593648936949 0.300902169414 
0.515789473684 0.126315789474 0.560292416818 0.282536973249 
0.515789473684 0.126315789474 0.566292416818 0.282257476564 
0.515789473684 0.126315789474 0.572292416818 0.282111402435 
0.515789473684 0.126315789474 0.578292416818 0.282019274494 
0.515789473684 0.126315789474 0.584292416818 0.281986307057 
0.515789473684 0.126315789474 0.590292416818 0.28201993555 
0.515789473684 0.126315789474 0.596292416818 0.282112329465 
0.515789473684 0.126315789474 0.602292416818 0.282238500056 
0.515789473684 0.126315789474 0.608292416818 0.282401612548 
0.552631578947 0.126315789474 0.579720215141 0.26662207715 
0.552631578947 0.126315789474 0.585720215141 0.26590332277 
0.552631578947 0.126315789474 0.591720215141 0.265390457374 
0.552631578947 0.126315789474 0.597720215141 0.265089075213 
0.552631578947 0.126315789474 0.603720215141 0.26501407922 
0.552631578947 0.126315789474 0.609720215141 0.265044961803 
0.552631578947 0.126315789474 0.615720215141 0.265134686811 
0.552631578947 0.126315789474 0.621720215141 0.265278284497 
0.552631578947 0.126315789474 0.627720215141 0.265473681626 
0.589473684211 0.126315789474 0.613270111795 0.251056527065 
0.589473684211 0.126315789474 0.619270111795 0.250429969698 
0.589473684211 0.126315789474 0.625270111795 0.249995592953 
0.589473684211 0.126315789474 0.631270111795 0.249746426453 
0.589473684211 0.126315789474 0.637270111795 0.249700717176 
0.589473684211 0.126315789474 0.643270111795 0.249845591151 
0.589473684211 0.126315789474 0.649270111795 0.250043821576 
0.589473684211 0.126315789474 0.655270111795 0.250284866197 
0.589473684211 0.126315789474 0.661270111795 0.250571457031 
0.626315789474 0.126315789474 0.643860570953 0.237466461134 
0.626315789474 0.126315789474 0.649860570953 0.236850186304 
0.626315789474 0.126315789474 0.655860570953 0.236381104909 
0.626315789474 0.126315789474 0.661860570953 0.236092784143 
0.626315789474 0.126315789474 0.667860570953 0.235978041726 
0.626315789474 0.126315789474 0.673860570953 0.236049343931 
0.626315789474 0.126315789474 0.679860570953 0.236297728395 
0.626315789474 0.126315789474 0.685860570953 0.236602132483 
0.626315789474 0.126315789474 0.691860570953 0.236948627162 
0.663157894737 0.126315789474 0.7 0.223634854977 
0.7 0.126315789474 0.7 0.214769897635 
0 0.147368421053 0.7 0.620288071101 
0.0368421052632 0.147368421053 0.7 0.595357084612 
0.0736842105263 0.147368421053 0.7 0.570574746936 
0.110526315789 0.147368421053 0.7 0.545944955036 
0.147368421053 0.147368421053 0.7 0.521452799242 
0.184210526316 0.147368421053 0.7 0.497068657929 
0.221052631579 0.147368421053 0.7 0.472816892362 
0.257894736842 0.147368421053 0.591232450453 0.448077899976 
0.257894736842 0.147368421053 0.597232450453 0.448053131093 
0.257894736842 0.147368421053 0.603232450453 0.448015610493 
0.257894736842 0.147368421053 0.609232450453 0.448008416647 
0.257894736842 0.147368421053 0.615232450453 0.447990564869 
0.257894736842 0.147368421053 0.621232450453 0.447992879529 
0.257894736842 0.147368421053 0.627232450453 0.448003242588 
0.257894736842 0.147368421053 0.633232450453 0.448020097749 
0.257894736842 0.147368421053 0.639232450453 0.448042107205 
0.294736842105 0.147368421053 0.541801980985 0.420993914415 
0.294736842105 0.147368421053 0.547801980985 0.42078635166 
0.294736842105 0.147368421053 0.553801980985 0.420641329532 
0.294736842105 0.147368421053 0.559801980985 0.420550434095 
0.294736842105 0.147368421053 0.565801980985 0.420500201068 
0.294736842105 0.147368421053 0.571801980985 0.420514215726 
0.294736842105 0.147368421053 0.577801980985 0.420541664999 
0.294736842105 0.147368421053 0.583801980985 0.420624055261 
0.294736842105 0.147368421053 0.589801980985 0.4207108249 
0.331578947368 0.147368421053 0.545234724295 0.394481807302 
0.331578947368 0.147368421053 0.551234724295 0.394321920117 
0.331578947368 0.147368421053 0.557234724295 0.394226329377 
0.331578947368 0.147368421053 0.563234724295 0.394158305596 
0.331578947368 0.147368421053 0.569234724295 0.39413576284 
0.331578947368 0.147368421053 0.575234724295 0.394159930851 
0.331578947368 0.147368421053 0.581234724295 0.394218155036 
0.331578947368 0.147368421053 0.587234724295 0.394322417366 
0.331578947368 0.147368421053 0.593234724295 0.39447414159 
0.368421052632 0.147368421053 0.542445003667 0.369689939944 
0.368421052632 0.147368421053 0.548445003667 0.369556182523 
0.368421052632 0.147368421053 0.554445003667 0.369459002995 
0.368421052632 0.147368421053 0.560445003667 0.369411784312 
0.368421052632 0.147368421053 0.566445003667 0.369384384848 
0.368421052632 0.147368421053 0.572445003667 0.369406102884 
0.368421052632 0.147368421053 0.578445003667 0.369457648525 
0.368421052632 0.147368421053 0.584445003667 0.369554629877 
0.368421052632 0.147368421053 0.590445003667 0.369673764952 
0.405263157895 0.147368421053 0.545125492705 0.34645986362 
0.405263157895 0.147368421053 0.551125492705 0.346285484193 
0.405263157895 0.147368421053 0.557125492705 0.346176471726 
0.405263157895 0.147368421053 0.563125492705 0.346107191792 
0.405263157895 0.147368421053 0.569125492705 0.346084541382 
0.405263157895 0.147368421053 0.575125492705 0.346128991504 
0.405263157895 0.147368421053 0.581125492705 0.346207172434 
0.405263157895 0.147368421053 0.587125492705 0.346340953346 
0.405263157895 0.147368421053 0.593125492705 0.346490065139 
0.442105263158 0.147368421053 0.556925911774 0.324798215359 
0.442105263158 0.147368421053 0.562925911774 0.324652029615 
0.442105263158 0.147368421053 0.568925911774 0.324571928273 
0.442105263158 0.147368421053 0.574925911774 0.324523435841 
0.442105263158 0.147368421053 0.580925911774 0.324513433607 
0.442105263158 0.147368421053 0.586925911774 0.324575939738 
0.442105263158 0.147368421053 0.592925911774 0.324674901362 
0.442105263158 0.147368421053 0.598925911774 0.324823945243 
0.442105263158 0.147368421053 0.604925911774 0.325015410046 
0.478947368421 0.147368421053 0.563310792588 0.304898980808 
0.478947368421 0.147368421053 0.569310792588 0.304754309897 
0.478947368421 0.147368421053 0.575310792588 0.304674099674 
0.478947368421 0.147368421053 0.581310792588 0.304623268663 
0.478947368421 0.147368421053 0.587310792588 0.304606890885 
0.478947368421 0.147368421053 0.593310792588 0.304641113298 
0.478947368421 0.147368421053 0.599310792588 0.304706144374 
0.478947368421 0.147368421053 0.605310792588 0.304813967568 
0.478947368421 0.147368421053 0.611310792588 0.30496954669 
0.515789473684 0.147368421053 0.573183891645 0.286598923937 
0.515789473684 0.147368421053 0.579183891645 0.286409934122 
0.515789473684 0.147368421053 0.585183891645 0.286280228594 
0.515789473684 0.147368421053 0.591183891645 0.286206512355 
0.515789473684 0.147368421053 0.597183891645 0.286182134788 
0.515789473684 0.147368421053 0.603183891645 0.286203913362 
0.515789473684 0.147368421053 0.609183891645 0.286276190446 
0.515789473684 0.147368421053 0.615183891645 0.286399215394 
0.515789473684 0.147368421053 0.621183891645 0.28654729064 
0.552631578947 0.147368421053 0.591965648983 0.270043963357 
0.552631578947 0.147368421053 0.597965648983 0.269549902788 
0.552631578947 0.147368421053 0.603965648983 0.269363409729 
0.552631578947 0.147368421053 0.609965648983 0.26928996664 
0.552631578947 0.147368421053 0.615965648983 0.269281090256 
0.552631578947 0.147368421053 0.621965648983 0.269324641997 
0.552631578947 0.147368421053 0.627965648983 0.269415404226 
0.552631578947 0.147368421053 0.633965648983 0.269550853437 
0.552631578947 0.147368421053 0.639965648983 0.269727572123 
0.589473684211 0.147368421053 0.620253718446 0.255079004572 
0.589473684211 0.147368421053 0.626253718446 0.254443355916 
0.589473684211 0.147368421053 0.632253718446 0.254012249866 
0.589473684211 0.147368421053 0.638253718446 0.253867004784 
0.589473684211 0.147368421053 0.644253718446 0.253909901027 
0.589473684211 0.147368421053 0.650253718446 0.254018211136 
0.589473684211 0.147368421053 0.656253718446 0.254183138153 
0.589473684211 0.147368421053 0.662253718446 0.25438774269 
0.589473684211 0.147368421053 0.668253718446 0.254625628385 
0.626315789474 0.147368421053 0.647668219268 0.2418065092 
0.626315789474 0.147368421053 0.653668219268 0.24111629898 
0.626315789474 0.147368421053 0.659668219268 0.240557205814 
0.626315789474 0.147368421053 0.665668219268 0.240150483961 
0.626315789474 0.147368421053 0.671668219268 0.239978371989 
0.626315789474 0.147368421053 0.677668219268 0.240074795835 
0.626315789474 0.147368421053 0.683668219268 0.240266532188 
0.626315789474 0.147368421053 0.689668219268 0.240511042707 
0.626315789474 0.147368421053 0.695668219268 0.240797948535 
0.663157894737 0.147368421053 0.7 0.227655405861 
0.7 0.147368421053 0.7 0.219482648528 
0 0.168421052632 0.7 0.620747559687 
0.0368421052632 0.168421052632 0.7 0.595820636042 
0.0736842105263 0.168421052632 0.7 0.571073732795 
0.110526315789 0.168421052632 0.7 0.546488030696 
0.147368421053 0.168421052632 0.7 0.522030607631 
0.184210526316 0.168421052632 0.7 0.497710260128 
0.221052631579 0.168421052632 0.7 0.473576019648 
0.257894736842 0.168421052632 0.665032614187 0.449690184409 
0.257894736842 0.168421052632 0.671032614187 0.449658957674 
0.257894736842 0.168421052632 0.677032614187 0.449647131556 
0.257894736842 0.168421052632 0.683032614187 0.449645847046 
0.257894736842 0.168421052632 0.689032614187 0.449639206773 
0.257894736842 0.168421052632 0.695032614187 0.449664237353 
0.257894736842 0.168421052632 0.701032614187 0.449664882945 
0.257894736842 0.168421052632 0.707032614187 0.449701438735 
0.257894736842 0.168421052632 0.713032614187 0.449719642469 
0.294736842105 0.168421052632 0.569622158693 0.424312808454 
0.294736842105 0.168421052632 0.575622158693 0.424207306773 
0.294736842105 0.168421052632 0.581622158693 0.424155151948 
0.294736842105 0.168421052632 0.587622158693 0.424129362782 
0.294736842105 0.168421052632 0.593622158693 0.424125586304 
0.294736842105 0.168421052632 0.599622158693 0.424137359501 
0.294736842105 0.168421052632 0.605622158693 0.424169279094 
0.294736842105 0.168421052632 0.611622158693 0.424225223715 
0.294736842105 0.168421052632 0.617622158693 0.424283160925 
0.331578947368 0.168421052632 0.560541222019 0.398621729539 
0.331578947368 0.168421052632 0.566541222019 0.398482580314 
0.331578947368 0.168421052632 0.572541222019 0.398377119084 
0.331578947368 0.168421052632 0.578541222019 0.398318547816 
0.331578947368 0.168421052632 0.584541222019 0.398286522969 
0.331578947368 0.168421052632 0.590541222019 0.398303037617 
0.331578947368 0.168421052632 0.596541222019 0.39835618593 
0.331578947368 0.168421052632 0.602541222019 0.398447432193 
0.331578947368 0.168421052632 0.608541222019 0.39859234252 
0.368421052632 0.168421052632 0.55705817046 0.374231223084 
0.368421052632 0.168421052632 0.56305817046 0.374098920005 
0.368421052632 0.168421052632 0.56905817046 0.3739981868 
0.368421052632 0.168421052632 0.57505817046 0.373933033557 
0.368421052632 0.168421052632 0.58105817046 0.373913616627 
0.368421052632 0.168421052632 0.58705817046 0.373931120664 
0.368421052632 0.168421052632 0.59305817046 0.373977056898 
0.368421052632 0.168421052632 0.59905817046 0.374068514963 
0.368421052632 0.168421052632 0.60505817046 0.374192920294 
0.405263157895 0.168421052632 0.556684350879 0.351294811086 
0.405263157895 0.168421052632 0.562684350879 0.351133018551 
0.405263157895 0.168421052632 0.568684350879 0.351001316713 
0.405263157895 0.168421052632 0.574684350879 0.350937984569 
0.405263157895 0.168421052632 0.580684350879 0.35092197584 
0.405263157895 0.168421052632 0.586684350879 0.350949512555 
0.405263157895 0.168421052632 0.592684350879 0.351000243665 
0.405263157895 0.168421052632 0.598684350879 0.351094641328 
0.405263157895 0.168421052632 0.604684350879 0.351230023346 
0.442105263158 0.168421052632 0.564914920861 0.329853381826 
0.442105263158 0.168421052632 0.570914920861 0.329688412612 
0.442105263158 0.168421052632 0.576914920861 0.329578106614 
0.442105263158 0.168421052632 0.582914920861 0.329499044042 
0.442105263158 0.168421052632 0.588914920861 0.329477112259 
0.442105263158 0.168421052632 0.594914920861 0.329501078744 
0.442105263158 0.168421052632 0.600914920861 0.32956244582 
0.442105263158 0.168421052632 0.606914920861 0.329681403682 
0.442105263158 0.168421052632 0.612914920861 0.329835672522 
0.478947368421 0.168421052632 0.573183891645 0.309920299962 
0.478947368421 0.168421052632 0.579183891645 0.309788094579 
0.478947368421 0.168421052632 0.585183891645 0.309710832971 
0.478947368421 0.168421052632 0.591183891645 0.309671462676 
0.478947368421 0.168421052632 0.597183891645 0.30964773115 
0.478947368421 0.168421052632 0.603183891645 0.309668664073 
0.478947368421 0.168421052632 0.609183891645 0.309727044371 
0.478947368421 0.168421052632 0.615183891645 0.309806638261 
0.478947368421 0.168421052632 0.621183891645 0.309947376905 
0.515789473684 0.168421052632 0.584101219138 0.29154359119 
0.515789473684 0.168421052632 0.590101219138 0.291368577254 
0.515789473684 0.168421052632 0.596101219138 0.291259698163 
0.515789473684 0.168421052632 0.602101219138 0.291203846332 
0.515789473684 0.168421052632 0.608101219138 0.291188213968 
0.515789473684 0.168421052632 0.614101219138 0.291238148152 
0.515789473684 0.168421052632 0.620101219138 0.291338310345 
0.515789473684 0.168421052632 0.626101219138 0.291450524568 
0.515789473684 0.168421052632 0.632101219138 0.291597098512 
0.552631578947 0.168421052632 0.600017183671 0.274729688462 
0.552631578947 0.168421052632 0.606017183671 0.27450335177 
0.552631578947 0.168421052632 0.612017183671 0.274351876048 
0.552631578947 0.168421052632 0.618017183671 0.274265722079 
0.552631578947 0.168421052632 0.624017183671 0.27424271758 
0.552631578947 0.168421052632 0.630017183671 0.274269009438 
0.552631578947 0.168421052632 0.636017183671 0.274351014427 
0.552631578947 0.168421052632 0.642017183671 0.274481472185 
0.552631578947 0.168421052632 0.648017183671 0.274652202476 
0.589473684211 0.168421052632 0.621412657836 0.260505770024 
0.589473684211 0.168421052632 0.627412657836 0.259725899553 
0.589473684211 0.168421052632 0.633412657836 0.259083369432 
0.589473684211 0.168421052632 0.639412657836 0.258795543294 
0.589473684211 0.168421052632 0.645412657836 0.258765304252 
0.589473684211 0.168421052632 0.651412657836 0.258794491734 
0.589473684211 0.168421052632 0.657412657836 0.258884390538 
0.589473684211 0.168421052632 0.663412657836 0.259016037834 
0.589473684211 0.168421052632 0.669412657836 0.259197970517 
0.626315789474 0.168421052632 0.651488339315 0.246758830374 
0.626315789474 0.168421052632 0.657488339315 0.246014421203 
0.626315789474 0.168421052632 0.663488339315 0.245392485544 
0.626315789474 0.168421052632 0.669488339315 0.244894476883 
0.626315789474 0.168421052632 0.675488339315 0.24469035592 
0.626315789474 0.168421052632 0.681488339315 0.244778194337 
0.626315789474 0.168421052632 0.687488339315 0.244914776037 
0.626315789474 0.168421052632 0.693488339315 0.245108817411 
0.626315789474 0.168421052632 0.699488339315 0.245352477311 
0.663157894737 0.168421052632 0.7 0.232506226274 
0.7 0.168421052632 0.7 0.224745311423 
0 0.189473684211 0.7 0.62150819565 
0.0368421052632 0.189473684211 0.7 0.596746099858 
0.0736842105263 0.189473684211 0.7 0.572205857114 
0.110526315789 0.189473684211 0.7 0.547828783629 
0.147368421053 0.189473684211 0.7 0.523623620824 
0.184210526316 0.189473684211 0.7 0.499576444079 
0.221052631579 0.189473684211 0.7 0.475749596442 
0.257894736842 0.189473684211 0.7 0.452125659447 
0.294736842105 0.189473684211 0.610589157434 0.428296669855 
0.294736842105 0.189473684211 0.616589157434 0.428256215817 
0.294736842105 0.189473684211 0.622589157434 0.428215505471 
0.294736842105 0.189473684211 0.628589157434 0.428202606375 
0.294736842105 0.189473684211 0.634589157434 0.428183309951 
0.294736842105 0.189473684211 0.640589157434 0.428190533626 
0.294736842105 0.189473684211 0.646589157434 0.428205022387 
0.294736842105 0.189473684211 0.652589157434 0.42822955914 
0.294736842105 0.189473684211 0.658589157434 0.428262811587 
0.331578947368 0.189473684211 0.575905746087 0.403546047937 
0.331578947368 0.189473684211 0.581905746087 0.403382529128 
0.331578947368 0.189473684211 0.587905746087 0.403281125959 
0.331578947368 0.189473684211 0.593905746087 0.403195628069 
0.331578947368 0.189473684211 0.599905746087 0.403156271388 
0.331578947368 0.189473684211 0.605905746087 0.403160751972 
0.331578947368 0.189473684211 0.611905746087 0.403188643571 
0.331578947368 0.189473684211 0.617905746087 0.40324493618 
0.331578947368 0.189473684211 0.623905746087 0.403344750353 
0.368421052632 0.189473684211 0.5733656518 0.379495140609 
0.368421052632 0.189473684211 0.5793656518 0.379369320325 
0.368421052632 0.189473684211 0.5853656518 0.379263177483 
0.368421052632 0.189473684211 0.5913656518 0.379215516575 
0.368421052632 0.189473684211 0.5973656518 0.379186238203 
0.368421052632 0.189473684211 0.6033656518 0.379199823493 
0.368421052632 0.189473684211 0.6093656518 0.379240779938 
0.368421052632 0.189473684211 0.6153656518 0.379316763592 
0.368421052632 0.189473684211 0.6213656518 0.379415854263 
0.405263157895 0.189473684211 0.569622158693 0.356856586658 
0.405263157895 0.189473684211 0.575622158693 0.356690257192 
0.405263157895 0.189473684211 0.581622158693 0.356582178054 
0.405263157895 0.189473684211 0.587622158693 0.356515409559 
0.405263157895 0.189473684211 0.593622158693 0.356475993442 
0.405263157895 0.189473684211 0.599622158693 0.356491201977 
0.405263157895 0.189473684211 0.605622158693 0.356527448582 
0.405263157895 0.189473684211 0.611622158693 0.356604217002 
0.405263157895 0.189473684211 0.617622158693 0.356707038186 
0.442105263158 0.189473684211 0.574436247645 0.335601886413 
0.442105263158 0.189473684211 0.580436247645 0.335415609662 
0.442105263158 0.189473684211 0.586436247645 0.335284944969 
0.442105263158 0.189473684211 0.592436247645 0.335203120145 
0.442105263158 0.189473684211 0.598436247645 0.335159611276 
0.442105263158 0.189473684211 0.604436247645 0.335172559656 
0.442105263158 0.189473684211 0.610436247645 0.335207580794 
0.442105263158 0.189473684211 0.616436247645 0.335303698849 
0.442105263158 0.189473684211 0.622436247645 0.335423746399 
0.478947368421 0.189473684211 0.588756006075 0.315579836152 
0.478947368421 0.189473684211 0.594756006075 0.31547496317 
0.478947368421 0.189473684211 0.600756006075 0.315407643689 
0.478947368421 0.189473684211 0.606756006075 0.315371223835 
0.478947368421 0.189473684211 0.612756006075 0.315368816362 
0.478947368421 0.189473684211 0.618756006075 0.315408384409 
0.478947368421 0.189473684211 0.624756006075 0.315493087969 
0.478947368421 0.189473684211 0.630756006075 0.315616053674 
0.478947368421 0.189473684211 0.636756006075 0.315769591322 
0.515789473684 0.189473684211 0.589188461025 0.297385438302 
0.515789473684 0.189473684211 0.595188461025 0.297187608555 
0.515789473684 0.189473684211 0.601188461025 0.297046168502 
0.515789473684 0.189473684211 0.607188461025 0.296960769395 
0.515789473684 0.189473684211 0.613188461025 0.296930583247 
0.515789473684 0.189473684211 0.619188461025 0.296937590631 
0.515789473684 0.189473684211 0.625188461025 0.296987792041 
0.515789473684 0.189473684211 0.631188461025 0.29706809862 
0.515789473684 0.189473684211 0.637188461025 0.297176456518 
0.552631578947 0.189473684211 0.607505386399 0.280309154862 
0.552631578947 0.189473684211 0.613505386399 0.280101892026 
0.552631578947 0.189473684211 0.619505386399 0.279965954794 
0.552631578947 0.189473684211 0.625505386399 0.279884952776 
0.552631578947 0.189473684211 0.631505386399 0.27986022516 
0.552631578947 0.189473684211 0.637505386399 0.279889659538 
0.552631578947 0.189473684211 0.643505386399 0.279963944357 
0.552631578947 0.189473684211 0.649505386399 0.280083954113 
0.552631578947 0.189473684211 0.655505386399 0.280241706672 
0.589473684211 0.189473684211 0.631797458747 0.265182396204 
0.589473684211 0.189473684211 0.637797458747 0.264552753917 
0.589473684211 0.189473684211 0.643797458747 0.264295176032 
0.589473684211 0.189473684211 0.649797458747 0.264233728147 
0.589473684211 0.189473684211 0.655797458747 0.264242577439 
0.589473684211 0.189473684211 0.661797458747 0.264310842288 
0.589473684211 0.189473684211 0.667797458747 0.26442754947 
0.589473684211 0.189473684211 0.673797458747 0.264580822581 
0.589473684211 0.189473684211 0.679797458747 0.264778581458 
0.626315789474 0.189473684211 0.660902141361 0.251415373686 
0.626315789474 0.189473684211 0.666902141361 0.250748712277 
0.626315789474 0.189473684211 0.672902141361 0.250211799665 
0.626315789474 0.189473684211 0.678902141361 0.249979573635 
0.626315789474 0.189473684211 0.684902141361 0.250034222815 
0.626315789474 0.189473684211 0.690902141361 0.250153504029 
0.626315789474 0.189473684211 0.696902141361 0.250314108306 
0.626315789474 0.189473684211 0.702902141361 0.25052680013 
0.626315789474 0.189473684211 0.708902141361 0.250785447921 
0.663157894737 0.189473684211 0.7 0.237931592323 
0.7 0.189473684211 0.7 0.230384273485 
0 0.210526315789 0.7 0.623246596878 
0.0368421052632 0.210526315789 0.7 0.598638112722 
0.0736842105263 0.210526315789 0.7 0.57424749976 
0.110526315789 0.210526315789 0.7 0.550030221297 
0.147368421053 0.210526315789 0.7 0.526004664942 
0.184210526316 0.210526315789 0.7 0.502154396897 
0.221052631579 0.210526315789 0.7 0.478533491466 
0.257894736842 0.210526315789 0.7 0.455164063006 
0.294736842105 0.210526315789 0.659815315858 0.432176256876 
0.294736842105 0.210526315789 0.665815315858 0.432131105907 
0.294736842105 0.210526315789 0.671815315858 0.432103884199 
0.294736842105 0.210526315789 0.677815315858 0.432085353748 
0.294736842105 0.210526315789 0.683815315858 0.432073067045 
0.294736842105 0.210526315789 0.689815315858 0.432075719159 
0.294736842105 0.210526315789 0.695815315858 0.43209423355 
0.294736842105 0.210526315789 0.701815315858 0.432112708737 
0.294736842105 0.210526315789 0.707815315858 0.432146009801 
0.331578947368 0.210526315789 0.601581943711 0.408416108386 
0.331578947368 0.210526315789 0.607581943711 0.4083012219 
0.331578947368 0.210526315789 0.613581943711 0.408217596478 
0.331578947368 0.210526315789 0.619581943711 0.408175303566 
0.331578947368 0.210526315789 0.625581943711 0.408162698641 
0.331578947368 0.210526315789 0.631581943711 0.408174133397 
0.331578947368 0.210526315789 0.637581943711 0.408232152899 
0.331578947368 0.210526315789 0.643581943711 0.408294399037 
0.331578947368 0.210526315789 0.649581943711 0.408372876441 
0.368421052632 0.210526315789 0.595202813165 0.384899158281 
0.368421052632 0.210526315789 0.601202813165 0.38479810953 
0.368421052632 0.210526315789 0.607202813165 0.384731578536 
0.368421052632 0.210526315789 0.613202813165 0.384692095694 
0.368421052632 0.210526315789 0.619202813165 0.384682082508 
0.368421052632 0.210526315789 0.625202813165 0.384699381816 
0.368421052632 0.210526315789 0.631202813165 0.384749746299 
0.368421052632 0.210526315789 0.637202813165 0.384822496326 
0.368421052632 0.210526315789 0.643202813165 0.384938188956 
0.405263157895 0.210526315789 0.591011802032 0.362469479404 
0.405263157895 0.210526315789 0.597011802032 0.362380229281 
0.405263157895 0.210526315789 0.603011802032 0.362308186218 
0.405263157895 0.210526315789 0.609011802032 0.362285440987 
0.405263157895 0.210526315789 0.615011802032 0.362283987123 
0.405263157895 0.210526315789 0.621011802032 0.3623285232 
0.405263157895 0.210526315789 0.627011802032 0.362385069408 
0.405263157895 0.210526315789 0.633011802032 0.362486147319 
0.405263157895 0.210526315789 0.639011802032 0.362599939529 
0.442105263158 0.210526315789 0.589232704642 0.341408728754 
0.442105263158 0.210526315789 0.595232704642 0.341250890803 
0.442105263158 0.210526315789 0.601232704642 0.341144633758 
0.442105263158 0.210526315789 0.607232704642 0.341096412873 
0.442105263158 0.210526315789 0.613232704642 0.341078348679 
0.442105263158 0.210526315789 0.619232704642 0.3411076599 
0.442105263158 0.210526315789 0.625232704642 0.341162228056 
0.442105263158 0.210526315789 0.631232704642 0.341269021911 
0.442105263158 0.210526315789 0.637232704642 0.341383713792 
0.478947368421 0.210526315789 0.598794062013 0.321605238512 
0.478947368421 0.210526315789 0.604794062013 0.321470091157 
0.478947368421 0.210526315789 0.610794062013 0.321372828681 
0.478947368421 0.210526315789 0.616794062013 0.321316980882 
0.478947368421 0.210526315789 0.622794062013 0.32130456685 
0.478947368421 0.210526315789 0.628794062013 0.321334032723 
0.478947368421 0.210526315789 0.634794062013 0.321391339369 
0.478947368421 0.210526315789 0.640794062013 0.321507832678 
0.478947368421 0.210526315789 0.646794062013 0.321655704408 
0.515789473684 0.210526315789 0.602673964678 0.303286251054 
0.515789473684 0.210526315789 0.608673964678 0.303134643179 
0.515789473684 0.210526315789 0.614673964678 0.303031368896 
0.515789473684 0.210526315789 0.620673964678 0.302966696343 
0.515789473684 0.210526315789 0.626673964678 0.302943349351 
0.515789473684 0.210526315789 0.632673964678 0.30295353898 
0.515789473684 0.210526315789 0.638673964678 0.302983397415 
0.515789473684 0.210526315789 0.644673964678 0.303045300492 
0.515789473684 0.210526315789 0.650673964678 0.303151080351 
0.552631578947 0.210526315789 0.615479779321 0.286226755565 
0.552631578947 0.210526315789 0.621479779321 0.286034383317 
0.552631578947 0.210526315789 0.627479779321 0.285909678085 
0.552631578947 0.210526315789 0.633479779321 0.285837706179 
0.552631578947 0.210526315789 0.639479779321 0.285814113387 
0.552631578947 0.210526315789 0.645479779321 0.285833252654 
0.552631578947 0.210526315789 0.651479779321 0.285895514123 
0.552631578947 0.210526315789 0.657479779321 0.285990329572 
0.552631578947 0.210526315789 0.663479779321 0.286121096871 
0.589473684211 0.210526315789 0.634112530333 0.271223508287 
0.589473684211 0.210526315789 0.640112530333 0.270627867846 
0.589473684211 0.210526315789 0.646112530333 0.270216174549 
0.589473684211 0.210526315789 0.652112530333 0.270065382506 
0.589473684211 0.210526315789 0.658112530333 0.270025720828 
0.589473684211 0.210526315789 0.664112530333 0.270051374359 
0.589473684211 0.210526315789 0.670112530333 0.270128150223 
0.589473684211 0.210526315789 0.676112530333 0.270240890418 
0.589473684211 0.210526315789 0.682112530333 0.270392730194 
0.626315789474 0.210526315789 0.661700877127 0.257344262073 
0.626315789474 0.210526315789 0.667700877127 0.256648435382 
0.626315789474 0.210526315789 0.673700877127 0.256113983104 
0.626315789474 0.210526315789 0.679700877127 0.255754364473 
0.626315789474 0.210526315789 0.685700877127 0.255608451632 
0.626315789474 0.210526315789 0.691700877127 0.255657543286 
0.626315789474 0.210526315789 0.697700877127 0.255776796189 
0.626315789474 0.210526315789 0.703700877127 0.255935609115 
0.626315789474 0.210526315789 0.709700877127 0.256149108553 
0.663157894737 0.210526315789 0.7 0.243634136556 
0.7 0.210526315789 0.7 0.236110203196 
0 0.231578947368 0.7 0.625343898869 
0.0368421052632 0.231578947368 0.7 0.600873811043 
0.0736842105263 0.231578947368 0.7 0.576609383881 
0.110526315789 0.231578947368 0.7 0.552555715675 
0.147368421053 0.231578947368 0.7 0.528694859556 
0.184210526316 0.231578947368 0.7 0.505054595587 
0.221052631579 0.231578947368 0.7 0.481649589734 
0.257894736842 0.231578947368 0.7 0.458516896853 
0.294736842105 0.231578947368 0.7 0.435721293873 
0.331578947368 0.231578947368 0.619869295297 0.412959367024 
0.331578947368 0.231578947368 0.625869295297 0.412865162592 
0.331578947368 0.231578947368 0.631869295297 0.412813195501 
0.331578947368 0.231578947368 0.637869295297 0.412786789388 
0.331578947368 0.231578947368 0.643869295297 0.412782481459 
0.331578947368 0.231578947368 0.649869295297 0.41278513848 
0.331578947368 0.231578947368 0.655869295297 0.412806926847 
0.331578947368 0.231578947368 0.661869295297 0.412835176994 
0.331578947368 0.231578947368 0.667869295297 0.412871698577 
0.368421052632 0.231578947368 0.612763256192 0.389905349741 
0.368421052632 0.231578947368 0.618763256192 0.389794995403 
0.368421052632 0.231578947368 0.624763256192 0.389711847348 
0.368421052632 0.231578947368 0.630763256192 0.389653871993 
0.368421052632 0.231578947368 0.636763256192 0.389620236133 
0.368421052632 0.231578947368 0.642763256192 0.389641906012 
0.368421052632 0.231578947368 0.648763256192 0.389679470006 
0.368421052632 0.231578947368 0.654763256192 0.38975755018 
0.368421052632 0.231578947368 0.660763256192 0.389867304274 
0.405263157895 0.231578947368 0.605224750429 0.367943317183 
0.405263157895 0.231578947368 0.611224750429 0.367831826633 
0.405263157895 0.231578947368 0.617224750429 0.367741237013 
0.405263157895 0.231578947368 0.623224750429 0.367697776792 
0.405263157895 0.231578947368 0.629224750429 0.367661456215 
0.405263157895 0.231578947368 0.635224750429 0.367672149585 
0.405263157895 0.231578947368 0.641224750429 0.36770512224 
0.405263157895 0.231578947368 0.647224750429 0.367765329169 
0.405263157895 0.231578947368 0.653224750429 0.367847458284 
0.442105263158 0.231578947368 0.608619775458 0.346965250523 
0.442105263158 0.231578947368 0.614619775458 0.346854388929 
0.442105263158 0.231578947368 0.620619775458 0.346787154267 
0.442105263158 0.231578947368 0.626619775458 0.346763249336 
0.442105263158 0.231578947368 0.632619775458 0.34675819388 
0.442105263158 0.231578947368 0.638619775458 0.346797724508 
0.442105263158 0.231578947368 0.644619775458 0.34686493655 
0.442105263158 0.231578947368 0.650619775458 0.346965965628 
0.442105263158 0.231578947368 0.656619775458 0.347080270027 
0.478947368421 0.231578947368 0.612820046146 0.327372097764 
0.478947368421 0.231578947368 0.618820046146 0.327253634119 
0.478947368421 0.231578947368 0.624820046146 0.327173576413 
0.478947368421 0.231578947368 0.630820046146 0.327131940692 
0.478947368421 0.231578947368 0.636820046146 0.327115253611 
0.478947368421 0.231578947368 0.642820046146 0.327135889584 
0.478947368421 0.231578947368 0.648820046146 0.327203092737 
0.478947368421 0.231578947368 0.654820046146 0.327298998966 
0.478947368421 0.231578947368 0.660820046146 0.327437045139 
0.515789473684 0.231578947368 0.619777363539 0.308993561453 
0.515789473684 0.231578947368 0.625777363539 0.30889607252 
0.515789473684 0.231578947368 0.631777363539 0.308823892667 
0.515789473684 0.231578947368 0.637777363539 0.308795740267 
0.515789473684 0.231578947368 0.643777363539 0.308785261403 
0.515789473684 0.231578947368 0.649777363539 0.308807187315 
0.515789473684 0.231578947368 0.655777363539 0.308867508583 
0.515789473684 0.231578947368 0.661777363539 0.308959110095 
0.515789473684 0.231578947368 0.667777363539 0.309083250418 
0.552631578947 0.231578947368 0.624827292684 0.292002023269 
0.552631578947 0.231578947368 0.630827292684 0.291833850998 
0.552631578947 0.231578947368 0.636827292684 0.291704592836 
0.552631578947 0.231578947368 0.642827292684 0.291633027536 
0.552631578947 0.231578947368 0.648827292684 0.291616696601 
0.552631578947 0.231578947368 0.654827292684 0.291638516713 
0.552631578947 0.231578947368 0.660827292684 0.291687360441 
0.552631578947 0.231578947368 0.666827292684 0.291777442776 
0.552631578947 0.231578947368 0.672827292684 0.291894760775 
0.589473684211 0.231578947368 0.644995226023 0.276364130282 
0.589473684211 0.231578947368 0.650995226023 0.275965943478 
0.589473684211 0.231578947368 0.656995226023 0.275797955039 
0.589473684211 0.231578947368 0.662995226023 0.275738405856 
0.589473684211 0.231578947368 0.668995226023 0.275727469369 
0.589473684211 0.231578947368 0.674995226023 0.275764321935 
0.589473684211 0.231578947368 0.680995226023 0.275853569002 
0.589473684211 0.231578947368 0.686995226023 0.27598145112 
0.589473684211 0.231578947368 0.692995226023 0.276143584697 
0.626315789474 0.231578947368 0.671836 0.262110130662 
0.626315789474 0.231578947368 0.677836 0.261661263917 
0.626315789474 0.231578947368 0.683836 0.261330622575 
0.626315789474 0.231578947368 0.689836 0.2611455638 
0.626315789474 0.231578947368 0.695836 0.261163976927 
0.626315789474 0.231578947368 0.701836 0.261253850318 
0.626315789474 0.231578947368 0.707836 0.261383435451 
0.626315789474 0.231578947368 0.713836 0.261554629387 
0.626315789474 0.231578947368 0.719836 0.261765271382 
0.663157894737 0.231578947368 0.7 0.249174308782 
0.7 0.231578947368 0.7 0.241411559126 
0 0.252631578947 0.7 0.627517061871 
0.0368421052632 0.252631578947 0.7 0.603222866169 
0.0736842105263 0.252631578947 0.7 0.579098747164 
0.110526315789 0.252631578947 0.7 0.555161945297 
0.147368421053 0.252631578947 0.7 0.531425055479 
0.184210526316 0.252631578947 0.7 0.507962524145 
0.221052631579 0.252631578947 0.7 0.484778134304 
0.257894736842 0.252631578947 0.7 0.461892404274 
0.294736842105 0.252631578947 0.7 0.439336616311 
0.331578947368 0.252631578947 0.662120468165 0.417116389986 
0.331578947368 0.252631578947 0.668120468165 0.417083237778 
0.331578947368 0.252631578947 0.674120468165 0.417060214589 
0.331578947368 0.252631578947 0.680120468165 0.417041564214 
0.331578947368 0.252631578947 0.686120468165 0.417034025704 
0.331578947368 0.252631578947 0.692120468165 0.417051620386 
0.331578947368 0.252631578947 0.698120468165 0.417059195213 
0.331578947368 0.252631578947 0.704120468165 0.417091215902 
0.331578947368 0.252631578947 0.710120468165 0.41711783294 
0.368421052632 0.252631578947 0.631581782956 0.394631626097 
0.368421052632 0.252631578947 0.637581782956 0.394532683247 
0.368421052632 0.252631578947 0.643581782956 0.394471783925 
0.368421052632 0.252631578947 0.649581782956 0.394428884799 
0.368421052632 0.252631578947 0.655581782956 0.394419975924 
0.368421052632 0.252631578947 0.661581782956 0.394444960238 
0.368421052632 0.252631578947 0.667581782956 0.394492942084 
0.368421052632 0.252631578947 0.673581782956 0.394570872001 
0.368421052632 0.252631578947 0.679581782956 0.394688052566 
0.405263157895 0.252631578947 0.618794098876 0.373026584793 
0.405263157895 0.252631578947 0.624794098876 0.372907988967 
0.405263157895 0.252631578947 0.630794098876 0.372811801927 
0.405263157895 0.252631578947 0.636794098876 0.372747619267 
0.405263157895 0.252631578947 0.642794098876 0.37271269546 
0.405263157895 0.252631578947 0.648794098876 0.372714415863 
0.405263157895 0.252631578947 0.654794098876 0.372737002701 
0.405263157895 0.252631578947 0.660794098876 0.37278367498 
0.405263157895 0.252631578947 0.666794098876 0.372859150686 
0.442105263158 0.252631578947 0.621431167625 0.352254816612 
0.442105263158 0.252631578947 0.627431167625 0.352131341133 
0.442105263158 0.252631578947 0.633431167625 0.35206062828 
0.442105263158 0.252631578947 0.639431167625 0.352023402237 
0.442105263158 0.252631578947 0.645431167625 0.352013996883 
0.442105263158 0.252631578947 0.651431167625 0.352030716799 
0.442105263158 0.252631578947 0.657431167625 0.352081770971 
0.442105263158 0.252631578947 0.663431167625 0.35216370002 
0.442105263158 0.252631578947 0.669431167625 0.352270520346 
0.478947368421 0.252631578947 0.621955700045 0.332857146585 
0.478947368421 0.252631578947 0.627955700045 0.332707437172 
0.478947368421 0.252631578947 0.633955700045 0.332600545924 
0.478947368421 0.252631578947 0.639955700045 0.332520582893 
0.478947368421 0.252631578947 0.645955700045 0.33248835963 
0.478947368421 0.252631578947 0.651955700045 0.332497191986 
0.478947368421 0.252631578947 0.657955700045 0.332539403143 
0.478947368421 0.252631578947 0.663955700045 0.332599438748 
0.478947368421 0.252631578947 0.669955700045 0.332696755972 
0.515789473684 0.252631578947 0.632993744515 0.314465961432 
0.515789473684 0.252631578947 0.638993744515 0.314368033655 
0.515789473684 0.252631578947 0.644993744515 0.314305111848 
0.515789473684 0.252631578947 0.650993744515 0.314258403969 
0.515789473684 0.252631578947 0.656993744515 0.314235233193 
0.515789473684 0.252631578947 0.662993744515 0.314260873631 
0.515789473684 0.252631578947 0.668993744515 0.314305773366 
0.515789473684 0.252631578947 0.674993744515 0.314388215916 
0.515789473684 0.252631578947 0.680993744515 0.31451096048 
0.552631578947 0.252631578947 0.637509762076 0.297417936746 
0.552631578947 0.252631578947 0.643509762076 0.29728459267 
0.552631578947 0.252631578947 0.649509762076 0.297196934212 
0.552631578947 0.252631578947 0.655509762076 0.297148926361 
0.552631578947 0.252631578947 0.661509762076 0.297140047768 
0.552631578947 0.252631578947 0.667509762076 0.297159083181 
0.552631578947 0.252631578947 0.673509762076 0.297204867782 
0.552631578947 0.252631578947 0.679509762076 0.297286757309 
0.552631578947 0.252631578947 0.685509762076 0.297381801941 
0.589473684211 0.252631578947 0.652550568059 0.281646212463 
0.589473684211 0.252631578947 0.658550568059 0.281354306467 
0.589473684211 0.252631578947 0.664550568059 0.281238814349 
0.589473684211 0.252631578947 0.670550568059 0.281184391774 
0.589473684211 0.252631578947 0.676550568059 0.281172726796 
0.589473684211 0.252631578947 0.682550568059 0.28120439118 
0.589473684211 0.252631578947 0.688550568059 0.281277243449 
0.589473684211 0.252631578947 0.694550568059 0.281378592025 
0.589473684211 0.252631578947 0.700550568059 0.281514365713 
0.626315789474 0.252631578947 0.7 0.266458319448 
0.663157894737 0.252631578947 0.7 0.254466072335 
0.7 0.252631578947 0.7 0.246206993837 
0 0.273684210526 0.7 0.629620333798 
0.0368421052632 0.273684210526 0.7 0.605421836175 
0.0736842105263 0.273684210526 0.7 0.581429100473 
0.110526315789 0.273684210526 0.7 0.557650057673 
0.147368421053 0.273684210526 0.7 0.534147069365 
0.184210526316 0.273684210526 0.7 0.510943716938 
0.221052631579 0.273684210526 0.7 0.488010350572 
0.257894736842 0.273684210526 0.7 0.465410680355 
0.294736842105 0.273684210526 0.7 0.443081607993 
0.331578947368 0.273684210526 0.7 0.421019796206 
0.368421052632 0.273684210526 0.649180504276 0.399163997914 
0.368421052632 0.273684210526 0.655180504276 0.399090170204 
0.368421052632 0.273684210526 0.661180504276 0.39904177923 
0.368421052632 0.273684210526 0.667180504276 0.399012855737 
0.368421052632 0.273684210526 0.673180504276 0.399001215186 
0.368421052632 0.273684210526 0.679180504276 0.399012532373 
0.368421052632 0.273684210526 0.685180504276 0.399052186098 
0.368421052632 0.273684210526 0.691180504276 0.399103079344 
0.368421052632 0.273684210526 0.697180504276 0.399180885187 
0.405263157895 0.273684210526 0.638680672741 0.377664115979 
0.405263157895 0.273684210526 0.644680672741 0.377589279764 
0.405263157895 0.273684210526 0.650680672741 0.377531018084 
0.405263157895 0.273684210526 0.656680672741 0.377498148504 
0.405263157895 0.273684210526 0.662680672741 0.377498750473 
0.405263157895 0.273684210526 0.668680672741 0.377526283339 
0.405263157895 0.273684210526 0.674680672741 0.377580787434 
0.405263157895 0.273684210526 0.680680672741 0.377648197634 
0.405263157895 0.273684210526 0.686680672741 0.37774559412 
0.442105263158 0.273684210526 0.63591360585 0.357150295475 
0.442105263158 0.273684210526 0.64191360585 0.35704216206 
0.442105263158 0.273684210526 0.64791360585 0.356975462112 
0.442105263158 0.273684210526 0.65391360585 0.356940049978 
0.442105263158 0.273684210526 0.65991360585 0.356938584702 
0.442105263158 0.273684210526 0.66591360585 0.356968796716 
0.442105263158 0.273684210526 0.67191360585 0.357022771969 
0.442105263158 0.273684210526 0.67791360585 0.357106144068 
0.442105263158 0.273684210526 0.68391360585 0.357226290543 
0.478947368421 0.273684210526 0.635081427853 0.337880782652 
0.478947368421 0.273684210526 0.641081427853 0.337748826679 
0.478947368421 0.273684210526 0.647081427853 0.337635447804 
0.478947368421 0.273684210526 0.653081427853 0.337568734746 
0.478947368421 0.273684210526 0.659081427853 0.337540650176 
0.478947368421 0.273684210526 0.665081427853 0.337545469005 
0.478947368421 0.273684210526 0.671081427853 0.337574844418 
0.478947368421 0.273684210526 0.677081427853 0.337639591388 
0.478947368421 0.273684210526 0.683081427853 0.337730826238 
0.515789473684 0.273684210526 0.645986434794 0.319621412394 
0.515789473684 0.273684210526 0.651986434794 0.31950971599 
0.515789473684 0.273684210526 0.657986434794 0.319431989786 
0.515789473684 0.273684210526 0.663986434794 0.319377816986 
0.515789473684 0.273684210526 0.669986434794 0.319360181823 
0.515789473684 0.273684210526 0.675986434794 0.31937704744 
0.515789473684 0.273684210526 0.681986434794 0.319421529301 
0.515789473684 0.273684210526 0.687986434794 0.319507739917 
0.515789473684 0.273684210526 0.693986434794 0.319623010962 
0.552631578947 0.273684210526 0.650248762135 0.302590380456 
0.552631578947 0.273684210526 0.656248762135 0.302474681637 
0.552631578947 0.273684210526 0.662248762135 0.302401594631 
0.552631578947 0.273684210526 0.668248762135 0.302360328809 
0.552631578947 0.273684210526 0.674248762135 0.302344878368 
0.552631578947 0.273684210526 0.680248762135 0.302358813421 
0.552631578947 0.273684210526 0.686248762135 0.302395643008 
0.552631578947 0.273684210526 0.692248762135 0.302461950486 
0.552631578947 0.273684210526 0.698248762135 0.302546549211 
0.589473684211 0.273684210526 0.661031955184 0.286714415537 
0.589473684211 0.273684210526 0.667031955184 0.286518789025 
0.589473684211 0.273684210526 0.673031955184 0.286429976392 
0.589473684211 0.273684210526 0.679031955184 0.286377542558 
0.589473684211 0.273684210526 0.685031955184 0.286358429443 
0.589473684211 0.273684210526 0.691031955184 0.28638116594 
0.589473684211 0.273684210526 0.697031955184 0.286436272814 
0.589473684211 0.273684210526 0.703031955184 0.286521165761 
0.589473684211 0.273684210526 0.709031955184 0.286632222246 
0.626315789474 0.273684210526 0.7 0.271542350666 
0.663157894737 0.273684210526 0.7 0.259427429574 
0.7 0.273684210526 0.7 0.250573031572 
0 0.294736842105 0.7 0.631711466735 
0.0368421052632 0.294736842105 0.7 0.607671162126 
0.0736842105263 0.294736842105 0.7 0.583890623451 
0.110526315789 0.294736842105 0.7 0.560385701995 
0.147368421053 0.294736842105 0.7 0.537167175536 
0.184210526316 0.294736842105 0.7 0.514217583932 
0.221052631579 0.294736842105 0.7 0.491568023898 
0.257894736842 0.294736842105 0.7 0.469143175102 
0.294736842105 0.294736842105 0.7 0.44693772124 
0.331578947368 0.294736842105 0.7 0.424914965295 
0.368421052632 0.294736842105 0.67 0.403426406779 
0.368421052632 0.294736842105 0.676 0.403357954949 
0.368421052632 0.294736842105 0.682 0.403314260354 
0.368421052632 0.294736842105 0.688 0.403280986531 
0.368421052632 0.294736842105 0.694 0.403265264982 
0.368421052632 0.294736842105 0.7 0.403272789605 
0.368421052632 0.294736842105 0.706 0.403293043094 
0.368421052632 0.294736842105 0.712 0.403327048611 
0.368421052632 0.294736842105 0.718 0.403377500809 
0.405263157895 0.294736842105 0.653355459524 0.382313961664 
0.405263157895 0.294736842105 0.659355459524 0.382223340863 
0.405263157895 0.294736842105 0.665355459524 0.382163069388 
0.405263157895 0.294736842105 0.671355459524 0.382133142371 
0.405263157895 0.294736842105 0.677355459524 0.382124767256 
0.405263157895 0.294736842105 0.683355459524 0.382133644176 
0.405263157895 0.294736842105 0.689355459524 0.382175484281 
0.405263157895 0.294736842105 0.695355459524 0.382237788524 
0.405263157895 0.294736842105 0.701355459524 0.382314428162 
0.442105263158 0.294736842105 0.650031427496 0.362044936987 
0.442105263158 0.294736842105 0.656031427496 0.361934370916 
0.442105263158 0.294736842105 0.662031427496 0.361855744072 
0.442105263158 0.294736842105 0.668031427496 0.36180904501 
0.442105263158 0.294736842105 0.674031427496 0.361807788809 
0.442105263158 0.294736842105 0.680031427496 0.361819295926 
0.442105263158 0.294736842105 0.686031427496 0.361863267459 
0.442105263158 0.294736842105 0.692031427496 0.361932868095 
0.442105263158 0.294736842105 0.698031427496 0.362032968921 
0.478947368421 0.294736842105 0.652576480292 0.342826967383 
0.478947368421 0.294736842105 0.658576480292 0.342718661201 
0.478947368421 0.294736842105 0.664576480292 0.342641669759 
0.478947368421 0.294736842105 0.670576480292 0.342597093974 
0.478947368421 0.294736842105 0.676576480292 0.342583529115 
0.478947368421 0.294736842105 0.682576480292 0.342591521845 
0.478947368421 0.294736842105 0.688576480292 0.342634821951 
0.478947368421 0.294736842105 0.694576480292 0.342709784467 
0.478947368421 0.294736842105 0.700576480292 0.342814239664 
0.515789473684 0.294736842105 0.656405164575 0.324741790451 
0.515789473684 0.294736842105 0.662405164575 0.324634998276 
0.515789473684 0.294736842105 0.668405164575 0.324552432979 
0.515789473684 0.294736842105 0.674405164575 0.324495385607 
0.515789473684 0.294736842105 0.680405164575 0.324470779965 
0.515789473684 0.294736842105 0.686405164575 0.324481116311 
0.515789473684 0.294736842105 0.692405164575 0.324528234279 
0.515789473684 0.294736842105 0.698405164575 0.324602375211 
0.515789473684 0.294736842105 0.704405164575 0.324693793598 
0.552631578947 0.294736842105 0.6651252292 0.307614104844 
0.552631578947 0.294736842105 0.6711252292 0.307521942844 
0.552631578947 0.294736842105 0.6771252292 0.307478314071 
0.552631578947 0.294736842105 0.6831252292 0.307455674056 
0.552631578947 0.294736842105 0.6891252292 0.307456507921 
0.552631578947 0.294736842105 0.6951252292 0.307495783789 
0.552631578947 0.294736842105 0.7011252292 0.307549685309 
0.552631578947 0.294736842105 0.7071252292 0.30762229743 
0.552631578947 0.294736842105 0.7131252292 0.307719629756 
0.589473684211 0.294736842105 0.665836 0.2917955171 
0.589473684211 0.294736842105 0.671836 0.291597371068 
0.589473684211 0.294736842105 0.677836 0.291507955295 
0.589473684211 0.294736842105 0.683836 0.291452969944 
0.589473684211 0.294736842105 0.689836 0.291429361812 
0.589473684211 0.294736842105 0.695836 0.291438308638 
0.589473684211 0.294736842105 0.701836 0.291469834213 
0.589473684211 0.294736842105 0.707836 0.291517604171 
0.589473684211 0.294736842105 0.713836 0.291608807316 
0.626315789474 0.294736842105 0.7 0.276565984308 
0.663157894737 0.294736842105 0.7 0.264234275651 
0.7 0.294736842105 0.7 0.254833765517 
0 0.315789473684 0.7 0.633968407805 
0.0368421052632 0.315789473684 0.7 0.610179552885 
0.0736842105263 0.315789473684 0.7 0.586679647731 
0.110526315789 0.315789473684 0.7 0.563460004676 
0.147368421053 0.315789473684 0.7 0.54049840689 
0.184210526316 0.315789473684 0.7 0.517820672793 
0.221052631579 0.315789473684 0.7 0.495308642236 
0.257894736842 0.315789473684 0.7 0.472977004235 
0.294736842105 0.315789473684 0.7 0.450805107943 
0.331578947368 0.315789473684 0.7 0.428856860645 
0.368421052632 0.315789473684 0.7 0.407467423229 
0.405263157895 0.315789473684 0.7 0.386725616478 
0.442105263158 0.315789473684 0.67 0.366962062904 
0.442105263158 0.315789473684 0.676 0.366875300569 
0.442105263158 0.315789473684 0.682 0.366812433879 
0.442105263158 0.315789473684 0.688 0.366783222399 
0.442105263158 0.315789473684 0.694 0.366774264739 
0.442105263158 0.315789473684 0.7 0.366789601946 
0.442105263158 0.315789473684 0.706 0.36682794042 
0.442105263158 0.315789473684 0.712 0.366894751125 
0.442105263158 0.315789473684 0.718 0.366976230015 
0.478947368421 0.315789473684 0.67 0.347965327485 
0.478947368421 0.315789473684 0.676 0.347875262632 
0.478947368421 0.315789473684 0.682 0.347813209763 
0.478947368421 0.315789473684 0.688 0.347773478655 
0.478947368421 0.315789473684 0.694 0.347762210238 
0.478947368421 0.315789473684 0.7 0.347787345724 
0.478947368421 0.315789473684 0.706 0.347828870308 
0.478947368421 0.315789473684 0.712 0.347900639397 
0.478947368421 0.315789473684 0.718 0.347999170278 
0.515789473684 0.315789473684 0.67 0.329985013069 
0.515789473684 0.315789473684 0.676 0.329899917429 
0.515789473684 0.315789473684 0.682 0.329823258056 
0.515789473684 0.315789473684 0.688 0.329781617406 
0.515789473684 0.315789473684 0.694 0.329763233784 
0.515789473684 0.315789473684 0.7 0.329780260013 
0.515789473684 0.315789473684 0.706 0.329823574016 
0.515789473684 0.315789473684 0.712 0.329883122755 
0.515789473684 0.315789473684 0.718 0.329970134525 
0.552631578947 0.315789473684 0.67 0.312910037629 
0.552631578947 0.315789473684 0.676 0.312825353647 
0.552631578947 0.315789473684 0.682 0.312763066799 
0.552631578947 0.315789473684 0.688 0.312731833519 
0.552631578947 0.315789473684 0.694 0.312720210584 
0.552631578947 0.315789473684 0.7 0.312736015127 
0.552631578947 0.315789473684 0.706 0.312779091848 
0.552631578947 0.315789473684 0.712 0.312836063651 
0.552631578947 0.315789473684 0.718 0.312912306118 
0.589473684211 0.315789473684 0.67 0.296982077347 
0.589473684211 0.315789473684 0.676 0.296772335624 
0.589473684211 0.315789473684 0.682 0.296657603104 
0.589473684211 0.315789473684 0.688 0.296594479278 
0.589473684211 0.315789473684 0.694 0.296563547727 
0.589473684211 0.315789473684 0.7 0.29657210754 
0.589473684211 0.315789473684 0.706 0.296597788044 
0.589473684211 0.315789473684 0.712 0.296655674297 
0.589473684211 0.315789473684 0.718 0.296722001632 
0.626315789474 0.315789473684 0.7 0.281671995363 
0.663157894737 0.315789473684 0.7 0.269152534741 
0.7 0.315789473684 0.7 0.259359542864 
0 0.336842105263 0.7 0.636518556146 
0.0368421052632 0.336842105263 0.7 0.613030415876 
0.0736842105263 0.336842105263 0.7 0.589822870874 
0.110526315789 0.336842105263 0.7 0.566857349372 
0.147368421053 0.336842105263 0.7 0.544158185973 
0.184210526316 0.336842105263 0.7 0.521614274014 
0.221052631579 0.336842105263 0.7 0.499208041272 
0.257894736842 0.336842105263 0.7 0.476919807537 
0.294736842105 0.336842105263 0.7 0.454807068864 
0.331578947368 0.336842105263 0.7 0.433119970752 
0.368421052632 0.336842105263 0.7 0.411943746707 
0.405263157895 0.336842105263 0.7 0.39145762527 
0.442105263158 0.336842105263 0.7 0.371814657806 
0.478947368421 0.336842105263 0.7 0.353079756449 
0.515789473684 0.336842105263 0.7 0.335242923532 
0.552631578947 0.336842105263 0.7 0.318220628407 
0.589473684211 0.336842105263 0.7 0.301877473283 
0.626315789474 0.336842105263 0.7 0.286937830983 
0.663157894737 0.336842105263 0.7 0.274334555337 
0.7 0.336842105263 0.7 0.264242752792 
0 0.357894736842 0.7 0.639518091471 
0.0368421052632 0.357894736842 0.7 0.61629492895 
0.0736842105263 0.357894736842 0.7 0.593327512646 
0.110526315789 0.357894736842 0.7 0.570594882374 
0.147368421053 0.357894736842 0.7 0.548042561764 
0.184210526316 0.357894736842 0.7 0.525610296378 
0.221052631579 0.357894736842 0.7 0.503281252662 
0.257894736842 0.357894736842 0.7 0.481070422722 
0.294736842105 0.357894736842 0.7 0.4591724305 
0.331578947368 0.357894736842 0.7 0.437662017186 
0.368421052632 0.357894736842 0.7 0.416761794757 
0.405263157895 0.357894736842 0.7 0.396607177779 
0.442105263158 0.357894736842 0.7 0.377280532359 
0.478947368421 0.357894736842 0.7 0.35876699482 
0.515789473684 0.357894736842 0.7 0.340990328583 
0.552631578947 0.357894736842 0.7 0.323782259114 
0.589473684211 0.357894736842 0.7 0.307345297144 
0.626315789474 0.357894736842 0.7 0.292500435079 
0.663157894737 0.357894736842 0.7 0.279823516123 
0.7 0.357894736842 0.7 0.269734821427 
0 0.378947368421 0.7 0.642902202539 
0.0368421052632 0.378947368421 0.7 0.619910074096 
0.0736842105263 0.378947368421 0.7 0.59715461531 
0.110526315789 0.378947368421 0.7 0.57458831975 
0.147368421053 0.378947368421 0.7 0.552169383736 
0.184210526316 0.378947368421 0.7 0.529843160274 
0.221052631579 0.378947368421 0.7 0.507563161446 
0.257894736842 0.378947368421 0.7 0.485513538003 
0.294736842105 0.378947368421 0.7 0.463815950567 
0.331578947368 0.378947368421 0.7 0.442611059885 
0.368421052632 0.378947368421 0.7 0.422094721231 
0.405263157895 0.378947368421 0.7 0.402268636768 
0.442105263158 0.378947368421 0.7 0.383172351524 
0.478947368421 0.378947368421 0.7 0.364712664164 
0.515789473684 0.378947368421 0.7 0.346753080052 
0.552631578947 0.378947368421 0.7 0.329427562615 
0.589473684211 0.378947368421 0.7 0.313021768295 
0.626315789474 0.378947368421 0.7 0.298360575587 
0.663157894737 0.378947368421 0.7 0.285772873721 
0.7 0.378947368421 0.7 0.275758106702 
0 0.4 0.7 0.646633254534 
0.0368421052632 0.4 0.7 0.623845866606 
0.0736842105263 0.4 0.7 0.601263239507 
0.110526315789 0.4 0.7 0.578847755072 
0.147368421053 0.4 0.7 0.556527225467 
0.184210526316 0.4 0.7 0.534237020215 
0.221052631579 0.4 0.7 0.512139349825 
0.257894736842 0.4 0.7 0.490293755109 
0.294736842105 0.4 0.7 0.468877962773 
0.331578947368 0.4 0.7 0.448092482687 
0.368421052632 0.4 0.7 0.427893348428 
0.405263157895 0.4 0.7 0.40826596282 
0.442105263158 0.4 0.7 0.389209798258 
0.478947368421 0.4 0.7 0.370602521984 
0.515789473684 0.4 0.7 0.35248951943 
0.552631578947 0.4 0.7 0.335168251759 
0.589473684211 0.4 0.7 0.318884275988 
0.626315789474 0.4 0.7 0.304488274317 
0.663157894737 0.4 0.7 0.292147405228 
0.7 0.4 0.7 0.282350336903 
