0 0.7 0.627273395682 
0.0142857142857 0.7 0.617638986912 
0.0285714285714 0.7 0.608060347108 
0.0428571428571 0.7 0.598925190021 
0.0571428571429 0.7 0.589529637881 
0.0714285714286 0.7 0.579798952805 
0.0857142857143 0.7 0.570618014227 
0.1 0.7 0.561529879534 
0.114285714286 0.7 0.552197451824 
0.128571428571 0.7 0.542925260204 
0.142857142857 0.7 0.533748296096 
0.157142857143 0.7 0.524409916575 
0.171428571429 0.7 0.515458004822 
0.185714285714 0.7 0.506414195114 
0.2 0.7 0.497199970424 
0.214285714286 0.7 0.488413077631 
0.228571428571 0.7 0.479487155999 
0.242857142857 0.7 0.470449138774 
0.257142857143 0.7 0.461816425779 
0.271428571429 0.698 0.453058411436 
0.285714285714 0.7 0.444400213835 
0.3 0.7 0.435803946948 
0.314285714286 0.7 0.427097375395 
0.328571428571 0.7 0.418580784528 
0.342857142857 0.649287686025 0.410120665954 
0.357142857143 0.7 0.40168497673 
0.371428571429 0.643778997642 0.392628406093 
0.385714285714 0.7 0.384988745113 
0.4 0.632413372937 0.375628759082 
0.414285714286 0.635397620043 0.367185109613 
0.428571428571 0.63890198577 0.358913887222 
0.442857142857 0.640250848681 0.350996205158 
0.457142857143 0.6435479117 0.343074082289 
0.471428571429 0.641597101369 0.33555797155 
0.485714285714 0.7 0.329727212599 
0.5 0.647454695345 0.321116316903 
0.514285714286 0.654340551103 0.314119132452 
0.528571428571 0.652840470462 0.307310715043 
0.542857142857 0.652085531481 0.300654897848 
0.557142857143 0.7 0.294888167666 
0.571428571429 0.671939248848 0.287923846583 
0.585714285714 0.662565779182 0.281750145426 
0.6 0.68400186339 0.275867658197 
0.614285714286 0.7 0.270217260097 
0.628571428571 0.7 0.264589204959 
0.642857142857 0.7 0.259575044148 
0.657142857143 0.7 0.25494229897 
0.671428571429 0.7 0.251209336168 
0.685714285714 0.7 0.247911247698 
0.7 0.7 0.245444796549 
