0 0.7 0.632301868324 
0.0142857142857 0.7 0.622856372922 
0.0285714285714 0.7 0.61369080398 
0.0428571428571 0.7 0.604429128529 
0.0571428571429 0.7 0.595092136962 
0.0714285714286 0.7 0.586000225774 
0.0857142857143 0.7 0.57689574948 
0.1 0.7 0.567696224288 
0.114285714286 0.7 0.558659054774 
0.128571428571 0.7 0.54972114393 
0.142857142857 0.7 0.540783870164 
0.157142857143 0.7 0.531789345362 
0.171428571429 0.7 0.52293139358 
0.185714285714 0.7 0.514170707574 
0.2 0.7 0.505301135569 
0.214285714286 0.7 0.496662931715 
0.228571428571 0.7 0.487889875201 
0.242857142857 0.7 0.479228658854 
0.257142857143 0.7 0.470577170603 
0.271428571429 0.7 0.461965216582 
0.285714285714 0.7 0.453350324912 
0.3 0.7 0.444760549069 
0.314285714286 0.7 0.43620013632 
0.328571428571 0.7 0.427749941548 
0.342857142857 0.7 0.419264426585 
0.357142857143 0.698 0.410896654822 
0.371428571429 0.697143008782 0.402614836462 
0.385714285714 0.698 0.394398729064 
0.4 0.7 0.38632596216 
0.414285714286 0.678701120824 0.378191291683 
0.428571428571 0.678058794151 0.370307430068 
0.442857142857 0.679374485485 0.362577928837 
0.457142857143 0.678140732755 0.354987328609 
0.471428571429 0.680083063689 0.347590468073 
0.485714285714 0.678804330813 0.340370621939 
0.5 0.7 0.333473122095 
0.514285714286 0.686563392865 0.326417517957 
0.528571428571 0.688569708339 0.319712975236 
0.542857142857 0.687701310417 0.313150025633 
0.557142857143 0.7 0.306763300872 
0.571428571429 0.7 0.300513619868 
0.585714285714 0.693461309703 0.294314720247 
0.6 0.7 0.288372390082 
0.614285714286 0.7 0.282500538414 
0.628571428571 0.7 0.27709666872 
0.642857142857 0.7 0.272033982685 
0.657142857143 0.7 0.267322084279 
0.671428571429 0.7 0.263105859339 
0.685714285714 0.7 0.259224206272 
0.7 0.7 0.255939285424 
