0.54191 0.296486839851 
0.5420101001 0.296479046566 
0.5421102002 0.296461551566 
0.5422103003 0.296457318792 
0.5423104004 0.296416512908 
0.542410500501 0.296416028232 
0.542510600601 0.296311076273 
0.542610700701 0.296305767904 
0.542710800801 0.296144188071 
0.542810900901 0.296140037095 
0.542911001001 0.296129925495 
0.543011101101 0.296204067772 
0.543111201201 0.296190786953 
0.543211301301 0.296181985933 
0.543311401401 0.296156053086 
0.543411501502 0.2961459644 
0.543511601602 0.296138117318 
0.543611701702 0.296132883003 
0.543711801802 0.296119090912 
0.543811901902 0.296094698355 
0.543912002002 0.296082971716 
0.544012102102 0.296079811026 
0.544112202202 0.296068842043 
0.544212302302 0.296148641052 
0.544312402402 0.296141203427 
0.544412502503 0.296128937949 
0.544512602603 0.296119468499 
0.544612702703 0.296100155669 
0.544712802803 0.29608810003 
0.544812902903 0.296079953553 
0.544913003003 0.296065126296 
0.545013103103 0.29606089365 
0.545113203203 0.296053137864 
0.545213303303 0.296031649989 
0.545313403403 0.296035788514 
0.545413503504 0.296023411833 
0.545513603604 0.296017908367 
0.545613703704 0.295995713543 
0.545713803804 0.295984288186 
0.545813903904 0.295960259519 
0.545914004004 0.295816276601 
0.546014104104 0.295809534201 
0.546114204204 0.295802982926 
0.546214304304 0.295782723694 
0.546314404404 0.295773036405 
0.546414504505 0.295764652717 
0.546514604605 0.295855738758 
0.546614704705 0.29584068328 
0.546714804805 0.295844892591 
0.546814904905 0.295839477464 
0.546915005005 0.295827404463 
0.547015105105 0.295811823091 
0.547115205205 0.295800506159 
0.547215305305 0.295794376331 
0.547315405405 0.295787512235 
0.547415505506 0.295770113335 
0.547515605606 0.295774725953 
0.547615705706 0.295890809285 
0.547715805806 0.295878401665 
0.547815905906 0.295865262675 
0.547916006006 0.295851946982 
0.548016106106 0.295730390126 
0.548116206206 0.295716001771 
0.548216306306 0.295699959973 
0.548316406406 0.295696851164 
0.548416506507 0.295688947387 
0.548516606607 0.295678096817 
0.548616706707 0.295661348566 
0.548716806807 0.295647377088 
0.548816906907 0.295777848623 
0.548917007007 0.295768110085 
0.549017107107 0.295624690078 
0.549117207207 0.295627525772 
0.549217307307 0.29559183841 
0.549317407407 0.295569252365 
0.549417507508 0.295549257455 
0.549517607608 0.295547880675 
0.549617707708 0.295545586763 
0.549717807808 0.295553794679 
0.549817907908 0.295538065369 
0.549918008008 0.295676807934 
0.550018108108 0.295676163011 
0.550118208208 0.295649756337 
0.550218308308 0.295634770768 
0.550318408408 0.295620713765 
0.550418508509 0.29560574543 
0.550518608609 0.295593728318 
0.550618708709 0.295581718854 
0.550718808809 0.295573026212 
0.550818908909 0.295461406099 
0.550919009009 0.295457339044 
0.551019109109 0.295604132009 
0.551119209209 0.295579655813 
0.551219309309 0.295571722933 
0.551319409409 0.295565449092 
0.55141950951 0.295557895558 
0.55151960961 0.295549797345 
0.55161970971 0.295544642213 
0.55171980981 0.29552719655 
0.55181990991 0.295517833848 
0.55192001001 0.295502056964 
0.55202011011 0.295498211459 
0.55212021021 0.295356278526 
0.55222031031 0.295483933888 
0.55232041041 0.295481937083 
0.552420510511 0.295466747334 
0.552520610611 0.295455964591 
0.552620710711 0.295432912782 
0.552720810811 0.295424711353 
0.552820910911 0.295408273866 
0.552921011011 0.29538818295 
0.553021111111 0.29538879271 
0.553121211211 0.29537659099 
0.553221311311 0.295375012989 
0.553321411411 0.295502455759 
0.553421511512 0.295497020659 
0.553521611612 0.295369571061 
0.553621711712 0.295358497952 
0.553721811812 0.295352552625 
0.553821911912 0.295341127547 
0.553922012012 0.295318010068 
0.554022112112 0.29531336468 
0.554122212212 0.295315120446 
0.554222312312 0.295310849469 
0.554322412412 0.295298362737 
0.554422512513 0.295285335859 
0.554522612613 0.295416584929 
0.554622712713 0.295407748231 
0.554722812813 0.295400378486 
0.554822912913 0.295395935099 
0.554923013013 0.295379087392 
0.555023113113 0.295367357834 
0.555123213213 0.295370229887 
0.555223313313 0.295225912378 
0.555323413413 0.295225167783 
0.555423513514 0.295226797174 
0.555523613614 0.295208923501 
0.555623713714 0.295353641267 
0.555723813814 0.29533849207 
0.555823913914 0.295336834614 
0.555924014014 0.295342103676 
0.556024114114 0.295327703297 
0.556124214214 0.295312765061 
0.556224314314 0.295192413649 
0.556324414414 0.295177329062 
0.556424514515 0.295168259579 
0.556524614615 0.295169751566 
0.556624714715 0.295160875398 
0.556724814815 0.295167832546 
0.556824914915 0.29528592265 
0.556925015015 0.295277950481 
0.557025115115 0.295264348053 
0.557125215215 0.295255843938 
0.557225315315 0.295243529298 
0.557325415415 0.295241399107 
0.557425515516 0.295234730721 
0.557525615616 0.295234789666 
0.557625715716 0.295221956152 
0.557725815816 0.295209856954 
0.557825915916 0.295207025438 
0.557926016016 0.295340714595 
0.558026116116 0.295329337452 
0.558126216216 0.295323411951 
0.558226316316 0.295312230118 
0.558326416416 0.295174974649 
0.558426516517 0.295165099035 
0.558526616617 0.295163572336 
0.558626716717 0.295155703527 
0.558726816817 0.295137145056 
0.558826916917 0.295132190542 
0.558927017017 0.295000204052 
0.559027117117 0.295002710753 
0.559127217217 0.295140546532 
0.559227317317 0.295128363559 
0.559327417417 0.295117818143 
0.559427517518 0.295113436081 
0.559527617618 0.295111231414 
0.559627717718 0.295111384016 
0.559727817818 0.295096519367 
0.559827917918 0.295093062581 
0.559928018018 0.295075318626 
0.560028118118 0.295071511879 
0.560128218218 0.295057401653 
0.560228318318 0.295194099878 
0.560328418418 0.295189381067 
0.560428518519 0.295176533472 
0.560528618619 0.295161886569 
0.560628718719 0.295163691041 
0.560728818819 0.295153755503 
0.560828918919 0.295130821635 
0.560929019019 0.295136975284 
0.561029119119 0.295126518222 
0.561129219219 0.295121123216 
0.561229319319 0.295116094555 
0.561329419419 0.295111432051 
0.56142951952 0.29511020302 
0.56152961962 0.295107534609 
0.56162971972 0.294988706325 
0.56172981982 0.294986247062 
0.56182991992 0.294956924863 
0.56193002002 0.294946005427 
0.56203012012 0.294937977312 
0.56213022022 0.294929054321 
0.56223032032 0.294928426766 
0.56233042042 0.294915912207 
0.562430520521 0.294914393439 
0.562530620621 0.295041290146 
0.562630720721 0.295031294071 
0.562730820821 0.295017164035 
0.562830920921 0.295016362891 
0.562931021021 0.295015565512 
0.563031121121 0.295004514994 
0.563131221221 0.294998149544 
0.563231321321 0.294980457083 
0.563331421421 0.294971586983 
0.563431521522 0.294946719241 
0.563531621622 0.294965193241 
0.563631721722 0.29510194685 
0.563731821822 0.295093794902 
0.563831921922 0.295089243223 
0.563932022022 0.295081282905 
0.564032122122 0.295071712075 
0.564132222222 0.295060172348 
0.564232322322 0.295048101342 
0.564332422422 0.29491879495 
0.564432522523 0.294907836348 
0.564532622623 0.294783989693 
0.564632722723 0.294781678637 
0.564732822823 0.294782960319 
0.564832922923 0.294909460509 
0.564933023023 0.294908395227 
0.565033123123 0.294904285195 
0.565133223223 0.294903766067 
0.565233323323 0.294901816469 
0.565333423423 0.294884635759 
0.565433523524 0.294884309975 
0.565533623624 0.294872878806 
0.565633723724 0.294862709074 
0.565733823824 0.294845739898 
0.565833923924 0.294862448148 
0.565934024024 0.294982110997 
0.566034124124 0.294983759252 
0.566134224224 0.294980756608 
0.566234324324 0.294979727101 
0.566334424424 0.294960271329 
0.566434524525 0.294943330337 
0.566534624625 0.294935163374 
0.566634724725 0.294940415853 
0.566734824825 0.294938159977 
0.566834924925 0.294926432987 
0.566935025025 0.294927583555 
0.567035125125 0.294788263079 
0.567135225225 0.294909166039 
0.567235325325 0.294894250148 
0.567335425425 0.294888988825 
0.567435525526 0.294893198551 
0.567535625626 0.294752948402 
0.567635725726 0.294745760389 
0.567735825826 0.294741791481 
0.567835925926 0.294742646339 
0.567936026026 0.294736544982 
0.568036126126 0.294727416128 
0.568136226226 0.294719720989 
0.568236326326 0.294860246341 
0.568336426426 0.294856283204 
0.568436526527 0.294853394715 
0.568536626627 0.29484444969 
0.568636726727 0.294846383608 
0.568736826827 0.294833529335 
0.568836926927 0.294819613893 
0.568937027027 0.294823877512 
0.569037127127 0.294821018614 
0.569137227227 0.294829027403 
0.569237327327 0.294832229534 
0.569337427427 0.294819767933 
0.569437527528 0.294946861941 
0.569537627628 0.294935993933 
0.569637727728 0.294798265784 
0.569737827828 0.294796684657 
0.569837927928 0.294802222581 
0.569938028028 0.294801893307 
0.570038128128 0.29480263457 
0.570138228228 0.294793423195 
0.570238328328 0.294781907661 
0.570338428428 0.294782840264 
0.570438528529 0.294773647508 
0.570538628629 0.294907836669 
0.570638728729 0.294773578283 
0.570738828829 0.29477150655 
0.570838928929 0.294766420289 
0.570939029029 0.294743052169 
0.571039129129 0.294751470637 
0.571139229229 0.294748708259 
0.571239329329 0.294749144551 
0.571339429429 0.294747809991 
0.57143952953 0.294745237661 
0.57153962963 0.294752956951 
0.57163972973 0.294876122812 
0.57173982983 0.294864320946 
0.57183992993 0.294858731266 
0.57194003003 0.294860591368 
0.57204013013 0.294854125216 
0.57214023023 0.29485741007 
0.57224033033 0.294838907049 
0.57234043043 0.294717148519 
0.572440530531 0.294699213652 
0.572540630631 0.294699349291 
0.572640730731 0.294699134364 
0.572740830831 0.294693612809 
0.572840930931 0.294818530113 
0.572941031031 0.294814943954 
0.573041131131 0.294809770282 
0.573141231231 0.294813269512 
0.573241331331 0.294813764506 
0.573341431431 0.294823634924 
0.573441531532 0.294811228663 
0.573541631632 0.294796708861 
0.573641731732 0.294642217881 
0.573741831832 0.294626324643 
0.573841931932 0.294626871785 
0.573942032032 0.294754789307 
0.574042132132 0.294788880428 
0.574142232232 0.294786585315 
0.574242332332 0.294777055385 
0.574342432432 0.294767179139 
0.574442532533 0.294763840472 
0.574542632633 0.294757859348 
0.574642732733 0.294755589174 
0.574742832833 0.294747854393 
0.574842932933 0.29474894516 
0.574943033033 0.294734872307 
0.575043133133 0.294603901552 
0.575143233233 0.294728436261 
0.575243333333 0.294738181074 
0.575343433433 0.29474686877 
0.575443533534 0.294735645243 
0.575543633634 0.294717205563 
0.575643733734 0.294706350175 
0.575743833834 0.294702546921 
0.575843933934 0.294701918207 
0.575944034034 0.294696363465 
0.576044134134 0.294701904394 
0.576144234234 0.294691958505 
0.576244334334 0.294815234133 
0.576344434434 0.2948190038 
0.576444534535 0.294824534984 
0.576544634635 0.294805795189 
0.576644734735 0.29466308384 
0.576744834835 0.294663725656 
0.576844934935 0.294649427701 
0.576945035035 0.294653418419 
0.577045135135 0.294656532681 
0.577145235235 0.29465385093 
0.577245335335 0.294644848997 
0.577345435435 0.294778486207 
0.577445535536 0.294770176276 
0.577545635636 0.294771706159 
0.577645735736 0.294634539988 
0.577745835836 0.294638205496 
0.577845935936 0.294635379498 
0.577946036036 0.294617466637 
0.578046136136 0.294607458652 
0.578146236236 0.294619385472 
0.578246336336 0.294621139077 
0.578346436436 0.294612899884 
0.578446536537 0.294613959828 
0.578546636637 0.294746503362 
0.578646736737 0.294744918884 
0.578746836837 0.29472441162 
0.578846936937 0.294730372984 
0.578947037037 0.294726174885 
0.579047137137 0.29473073989 
0.579147237237 0.294725674653 
0.579247337337 0.294712034571 
0.579347437437 0.294718536285 
0.579447537538 0.294739743378 
0.579547637638 0.294734344372 
0.579647737738 0.294730000686 
0.579747837838 0.294705016749 
0.579847937938 0.294713456521 
0.579948038038 0.294717174752 
0.580048138138 0.294699385917 
0.580148238238 0.294691223013 
0.580248338338 0.294676947847 
0.580348438438 0.294541378696 
0.580448538539 0.294529062461 
0.580548638639 0.294545060089 
0.580648738739 0.294547079991 
0.580748838839 0.294680456287 
0.580848938939 0.294671108653 
0.580949039039 0.294673990735 
0.581049139139 0.294678272171 
0.581149239239 0.294667369329 
0.581249339339 0.294666770873 
0.581349439439 0.294666699729 
0.58144953954 0.294654070293 
0.58154963964 0.294644937473 
0.58164973974 0.294644880796 
0.58174983984 0.294647792307 
0.58184993994 0.294657332037 
0.58195004004 0.294779488242 
0.58205014014 0.294780644104 
0.58215024024 0.294779537686 
0.58225034034 0.294787147374 
0.58235044044 0.29478204058 
0.582450540541 0.294776416527 
0.582550640641 0.294775500174 
0.582650740741 0.294647299991 
0.582750840841 0.294650764823 
0.582850940941 0.294645876725 
0.582951041041 0.294516727322 
0.583051141141 0.29463872642 
0.583151241241 0.294626198191 
0.583251341341 0.294619244324 
0.583351441441 0.294616122794 
0.583451541542 0.294616136123 
0.583551641642 0.294626933145 
0.583651741742 0.294618955152 
0.583751841842 0.294621586128 
0.583851941942 0.294622134433 
0.583952042042 0.294622859949 
0.584052142142 0.294618898147 
0.584152242242 0.294628490011 
0.584252342342 0.294754617278 
0.584352442442 0.294736234276 
0.584452542543 0.294731923869 
0.584552642643 0.294741158409 
0.584652742743 0.294729045668 
0.584752842843 0.294729434814 
0.584852942943 0.294730521486 
0.584953043043 0.294730917542 
0.585053143143 0.294733571922 
0.585153243243 0.294721661889 
0.585253343343 0.294720336207 
0.585353443443 0.294844529044 
0.585453543544 0.294837644392 
0.585553643644 0.294681895683 
0.585653743744 0.294563975857 
0.585753843844 0.294578114324 
0.585853943944 0.294583071095 
0.585954044044 0.294579543419 
0.586054144144 0.294578618014 
0.586154244244 0.294578908515 
0.586254344344 0.294574874841 
0.586354444444 0.294561326669 
0.586454544545 0.29468484443 
0.586554644645 0.294687035364 
0.586654744745 0.294678503438 
0.586754844845 0.294667729338 
0.586854944945 0.294672181158 
0.586955045045 0.294667470818 
0.587055145145 0.294671064118 
0.587155245245 0.294667054216 
0.587255345345 0.294668406952 
0.587355445445 0.294674255719 
0.587455545546 0.294682179519 
0.587555645646 0.294686131281 
0.587655745746 0.294818586641 
0.587755845846 0.294803699293 
0.587855945946 0.294808849076 
0.587956046046 0.294804160777 
0.588056146146 0.29479861463 
0.588156246246 0.294798078671 
0.588256346346 0.294658299342 
0.588356446446 0.294653307994 
0.588456546547 0.294663846329 
0.588556646647 0.294542621201 
0.588656746747 0.294512830889 
0.588756846847 0.294644257138 
0.588856946947 0.294649633313 
0.588957047047 0.294637948341 
0.589057147147 0.294636265739 
0.589157247247 0.29462855689 
0.589257347347 0.29463342997 
0.589357447447 0.294635377011 
0.589457547548 0.294628371889 
0.589557647648 0.294623094568 
0.589657747748 0.294617478295 
0.589757847848 0.294628564324 
0.589857947948 0.29474566683 
0.589958048048 0.294750885385 
0.590058148148 0.294747159378 
0.590158248248 0.294748770907 
0.590258348348 0.294745913752 
0.590358448448 0.294754410953 
0.590458548549 0.294752936665 
0.590558648649 0.294748028308 
0.590658748749 0.294736593641 
0.590758848849 0.294734446527 
0.590858948949 0.294602229969 
0.590959049049 0.29459616106 
0.591059149149 0.294719958052 
0.591159249249 0.294724356012 
0.591259349349 0.294713645079 
0.591359449449 0.294712899292 
0.59145954955 0.294709067496 
0.59155964965 0.29459951337 
0.59165974975 0.294603945504 
0.59175984985 0.294602203013 
0.59185994995 0.294593945761 
0.59196005005 0.29458483721 
0.59206015015 0.294597858458 
0.59216025025 0.294724049568 
0.59226035035 0.294729336804 
0.59236045045 0.294721084222 
0.592460550551 0.294716779889 
0.592560650651 0.294694145044 
0.592660750751 0.294693794429 
0.592760850851 0.294697901562 
0.592860950951 0.294703895131 
0.592961051051 0.294692251624 
0.593061151151 0.294694998309 
0.593161251251 0.294701856517 
0.593261351351 0.29482168771 
0.593361451451 0.294822027502 
0.593461551552 0.294676752629 
0.593561651652 0.294669252825 
0.593661751752 0.294673733284 
0.593761851852 0.294674111228 
0.593861951952 0.2946729537 
0.593962052052 0.294683426729 
0.594062152152 0.294680736918 
0.594162252252 0.294679248123 
0.594262352352 0.294682377693 
0.594362452452 0.294682092585 
0.594462552553 0.294685057258 
0.594562652653 0.294694344822 
0.594662752753 0.294683651008 
0.594762852853 0.294690552595 
0.594862952953 0.294693016626 
0.594963053053 0.294691386634 
0.595063153153 0.29468600593 
0.595163253253 0.294678924121 
0.595263353353 0.294698977554 
0.595363453453 0.29469889783 
0.595463553554 0.294703768371 
0.595563653654 0.294820005752 
0.595663753754 0.294814120413 
0.595763853854 0.29480977505 
0.595863953954 0.294811060017 
0.595964054054 0.29480979176 
0.596064154154 0.294652774813 
0.596164254254 0.29465835471 
0.596264354354 0.294666832561 
0.596364454454 0.294659300708 
0.596464554555 0.294659438445 
0.596564654655 0.294659409574 
0.596664754755 0.294789963025 
0.596764854855 0.2947888996 
0.596864954955 0.294795158479 
0.596965055055 0.294795463313 
0.597065155155 0.294803768256 
0.597165255255 0.294795743609 
0.597265355355 0.294793508082 
0.597365455455 0.294685841388 
0.597465555556 0.294688732289 
0.597565655656 0.294686355879 
0.597665755756 0.294694012565 
0.597765855856 0.294694532651 
0.597865955956 0.294816551295 
0.597966056056 0.294797011544 
0.598066156156 0.294799734577 
0.598166256256 0.294793968339 
0.598266356356 0.294790585063 
0.598366456456 0.294788395099 
0.598466556557 0.294786718834 
0.598566656657 0.294784367878 
0.598666756757 0.294642011686 
0.598766856857 0.294627983666 
0.598866956957 0.294628045174 
0.598967057057 0.294745323691 
0.599067157157 0.294751140605 
0.599167257257 0.294753059185 
0.599267357357 0.294764306049 
0.599367457457 0.294759279014 
0.599467557558 0.294752392842 
0.599567657658 0.294753138641 
0.599667757758 0.294748974123 
0.599767857858 0.29475769019 
0.599867957958 0.294758784766 
0.599968058058 0.294755309957 
0.600068158158 0.294866479919 
0.600168258258 0.294878911756 
0.600268358358 0.29476421261 
0.600368458458 0.294762277351 
0.600468558559 0.294755946481 
0.600568658659 0.294749452128 
0.600668758759 0.294749730579 
0.600768858859 0.294758470138 
0.600868958959 0.294760614905 
0.600969059059 0.294771048448 
0.601069159159 0.294763730138 
0.601169259259 0.294760812981 
0.601269359359 0.294721899912 
0.601369459459 0.294724743363 
0.60146955956 0.294734010285 
0.60156965966 0.294740237172 
0.60166975976 0.294733797531 
0.60176985986 0.294731585756 
0.60186995996 0.294725494678 
0.60197006006 0.294748448286 
0.60207016016 0.294759750895 
0.60217026026 0.29475687629 
0.60227036036 0.29475501884 
0.60237046046 0.294876841934 
0.602470560561 0.294870587616 
0.602570660661 0.29487800154 
0.602670760761 0.294872431073 
0.602770860861 0.294866866092 
0.602870960961 0.294850853743 
0.602971061061 0.294846481336 
0.603071161161 0.294851552381 
0.603171261261 0.294760908789 
0.603271361361 0.294769368877 
0.603371461461 0.29476721691 
0.603471561562 0.294885501603 
0.603571661662 0.294875929649 
0.603671761762 0.294869732112 
0.603771861862 0.294862866826 
0.603871961962 0.29471982702 
0.603972062062 0.29471686574 
0.604072162162 0.29472047203 
0.604172262262 0.294713144492 
0.604272362362 0.294720626964 
0.604372462462 0.29472777446 
0.604472562563 0.294734418963 
0.604572662663 0.29471466583 
0.604672762763 0.294830429274 
0.604772862863 0.294835889318 
0.604872962963 0.294831435282 
0.604973063063 0.294834548371 
0.605073163163 0.294820862452 
0.605173263263 0.29482028791 
0.605273363363 0.294829123394 
0.605373463463 0.294825364411 
0.605473563564 0.294835043455 
0.605573663664 0.294838175637 
0.605673763764 0.294836610482 
0.605773863864 0.294957569604 
0.605873963964 0.294967908441 
0.605974064064 0.294968851955 
0.606074164164 0.294869144348 
0.606174264264 0.294867091225 
0.606274364364 0.294862526917 
0.606374464464 0.294709235848 
0.606474564565 0.294698669376 
0.606574664665 0.294706381375 
0.606674764765 0.29470604986 
0.606774864865 0.294710246766 
0.606874964965 0.294829050417 
0.606975065065 0.294825528433 
0.607075165165 0.294826868757 
0.607175265265 0.294826035295 
0.607275365365 0.294830731598 
0.607375465465 0.294818855568 
0.607475565566 0.294818537224 
0.607575665666 0.294817385903 
0.607675765766 0.294813728562 
0.607775865866 0.294829150305 
0.607875965966 0.294830351278 
0.607976066066 0.294827541275 
0.608076166166 0.29495417968 
0.608176266266 0.294954703291 
0.608276366366 0.294956400837 
0.608376466466 0.294965289633 
0.608476566567 0.294957800047 
0.608576666667 0.294956833884 
0.608676766767 0.29495537054 
0.608776866867 0.294964770312 
0.608876966967 0.294959471972 
0.608977067067 0.29470717364 
0.609077167167 0.294707100572 
0.609177267267 0.29482573775 
0.609277367367 0.294821814614 
0.609377467467 0.294831082015 
0.609477567568 0.294829336265 
0.609577667668 0.29482292291 
0.609677767768 0.29482018554 
0.609777867868 0.294817953204 
0.609877967968 0.294824064214 
0.609978068068 0.294842016524 
0.610078168168 0.294848629714 
0.610178268268 0.294844075704 
0.610278368368 0.294960033088 
0.610378468468 0.294957804061 
0.610478568569 0.29496257772 
0.610578668669 0.294949361054 
0.610678768769 0.294969300273 
0.610778868869 0.294972249319 
0.610878968969 0.294952054685 
0.610979069069 0.294956345022 
0.611079169169 0.294957807827 
0.611179269269 0.294948621457 
0.611279369369 0.294954585924 
0.611379469469 0.294971201619 
0.61147956957 0.295079984589 
0.61157966967 0.294930738836 
0.61167976977 0.294915761442 
0.61177986987 0.294904783451 
0.61187996997 0.294808849883 
0.61198007007 0.294812694718 
0.61208017017 0.294825185445 
0.61218027027 0.294818231758 
0.61228037037 0.294816102805 
0.61238047047 0.294838567117 
0.612480570571 0.294840762301 
0.612580670671 0.294958060979 
0.612680770771 0.294956591443 
0.612780870871 0.294951805367 
0.612880970971 0.294960305674 
0.612981071071 0.294963827528 
0.613081171171 0.294959551828 
0.613181271271 0.29497453006 
0.613281371371 0.29498419832 
0.613381471471 0.29498955436 
0.613481571572 0.294989770838 
0.613581671672 0.295001267981 
0.613681771772 0.295117392763 
0.613781871872 0.295099364571 
0.613881971972 0.2950803511 
0.613982072072 0.295081235574 
0.614082172172 0.294932155022 
0.614182272272 0.29494002817 
0.614282372372 0.294938460069 
0.614382472472 0.29495279727 
0.614482572573 0.294956700465 
0.614582672673 0.294960771868 
0.614682772773 0.294851933797 
0.614782872873 0.294860165856 
0.614882972973 0.294986407824 
0.614983073073 0.294977910638 
0.615083173173 0.294978023747 
0.615183273273 0.29497979498 
0.615283373373 0.294982065718 
0.615383473473 0.294984339579 
0.615483573574 0.294986616565 
0.615583673674 0.294990880688 
0.615683773774 0.294992998311 
0.615783873874 0.294986028466 
0.615883973974 0.294994598928 
0.615984074074 0.295116356156 
0.616084174174 0.295105582444 
0.616184274274 0.295096467652 
0.616284374374 0.295095617406 
0.616384474474 0.295104514168 
0.616484574575 0.29509062695 
0.616584674675 0.29510728839 
0.616684774775 0.294945849293 
0.616784874875 0.294944546424 
0.616884974975 0.294945887923 
0.616985075075 0.294935518912 
0.617085175175 0.295052670904 
0.617185275275 0.295055326422 
0.617285375375 0.295049079811 
0.617385475475 0.295060481637 
0.617485575576 0.295064300267 
0.617585675676 0.294984055404 
0.617685775776 0.294981464428 
0.617785875876 0.294971297903 
0.617885975976 0.294972836305 
0.617986076076 0.294981626466 
0.618086176176 0.294984488191 
0.618186276276 0.294989164434 
0.618286376376 0.295107295174 
0.618386476476 0.295094507647 
0.618486576577 0.295099505935 
0.618586676677 0.295106152426 
0.618686776777 0.295102926973 
0.618786876877 0.295102832546 
0.618886976977 0.295095503386 
0.618987077077 0.295096240207 
0.619087177177 0.295096158318 
0.619187277277 0.294942165072 
0.619287377377 0.29494984149 
0.619387477477 0.295065688033 
0.619487577578 0.295063160625 
0.619587677678 0.29506080215 
0.619687777778 0.295063706327 
0.619787877878 0.295068913547 
0.619887977978 0.295082336377 
0.619988078078 0.295076542692 
0.620088178178 0.295067141794 
0.620188278278 0.295070226209 
0.620288378378 0.295073149369 
0.620388478478 0.294972336659 
0.620488578579 0.295096401202 
0.620588678679 0.295108355844 
0.620688778779 0.295104888165 
0.620788878879 0.295108971455 
0.620888978979 0.295105184358 
0.620989079079 0.295106978113 
0.621089179179 0.295114842132 
0.621189279279 0.29512156001 
0.621289379379 0.295120083578 
0.621389479479 0.295126970248 
0.62148957958 0.295127631493 
0.62158967968 0.295123872449 
0.62168977978 0.295242004183 
0.62178987988 0.295083609145 
0.62188997998 0.295094445958 
0.62199008008 0.295092838254 
0.62209018018 0.295090579965 
0.62219028028 0.295092255064 
0.62229038038 0.295082312339 
0.62239048048 0.295073522002 
0.622490580581 0.295076355839 
0.622590680681 0.295065940649 
0.622690780781 0.295078106579 
0.622790880881 0.295196911631 
0.622890980981 0.295198105479 
0.622991081081 0.295200937901 
0.623091181181 0.295208023904 
0.623191281281 0.295216582784 
0.623291381381 0.295119890859 
0.623391481481 0.295131899625 
0.623491581582 0.295131327922 
0.623591681682 0.295134190845 
0.623691781782 0.295136403419 
0.623791881882 0.295138129248 
0.623891981982 0.295245016728 
0.623992082082 0.295251305048 
0.624092182182 0.295256942394 
0.624192282282 0.295246586696 
0.624292382382 0.295090343937 
0.624392482482 0.295099114414 
0.624492582583 0.295118327359 
0.624592682683 0.2951254676 
0.624692782783 0.295125107182 
0.624792882883 0.295119369371 
0.624892982983 0.295123746049 
0.624993083083 0.295234742423 
0.625093183183 0.295239597434 
0.625193283283 0.295242988094 
0.625293383383 0.295257625214 
0.625393483483 0.295241957509 
0.625493583584 0.295240633725 
0.625593683684 0.295252670227 
0.625693783784 0.295258681421 
0.625793883884 0.295264857531 
0.625893983984 0.295272500935 
0.625994084084 0.295276564738 
0.626094184184 0.295175814987 
0.626194284284 0.295303740222 
0.626294384384 0.295296256793 
0.626394484484 0.295291057045 
0.626494584585 0.29529643573 
0.626594684685 0.295300352952 
0.626694784785 0.295310289604 
0.626794884885 0.295176009843 
0.626894984985 0.295167111975 
0.626995085085 0.295164397197 
0.627095185185 0.295148685636 
0.627195285285 0.295156706725 
0.627295385385 0.295275858966 
0.627395485485 0.295272008118 
0.627495585586 0.295270273766 
0.627595685686 0.295280398886 
0.627695785786 0.295265032087 
0.627795885886 0.29527012987 
0.627895985986 0.295293735282 
0.627996086086 0.295304840298 
0.628096186186 0.295312051224 
0.628196286286 0.295309204081 
0.628296386386 0.295302143634 
0.628396486486 0.295411067525 
0.628496586587 0.295408867451 
0.628596686687 0.295404888141 
0.628696786787 0.295398643973 
0.628796886887 0.29540197014 
0.628896986987 0.295309342825 
0.628997087087 0.295320630046 
0.629097187187 0.295334024366 
0.629197287287 0.295339641813 
0.629297387387 0.295329710123 
0.629397487487 0.295163646463 
0.629497587588 0.295165897181 
0.629597687688 0.295269352497 
0.629697787788 0.295289241763 
0.629797887888 0.295292941607 
0.629897987988 0.295311858249 
0.629998088088 0.29532187273 
0.630098188188 0.295328166676 
0.630198288288 0.295325402982 
0.630298388388 0.2953333199 
0.630398488488 0.295337680266 
0.630498588589 0.295339455897 
0.630598688689 0.295336869386 
0.630698788789 0.295453432265 
0.630798888889 0.295463445407 
0.630898988989 0.295462954564 
0.630999089089 0.295466345935 
0.631099189189 0.295476364468 
0.631199289289 0.295481376107 
0.631299389389 0.295482836727 
0.631399489489 0.295479455912 
0.63149958959 0.295488028982 
0.63159968969 0.295486270671 
0.63169978979 0.295376684184 
0.63179988989 0.29548664092 
0.63189998999 0.295329648684 
0.63200009009 0.295334061543 
0.63210019019 0.29534363963 
0.63220029029 0.295354186669 
0.63230039039 0.295363605534 
0.63240049049 0.295353029123 
0.632500590591 0.295353262631 
0.632600690691 0.295358820046 
0.632700790791 0.295366958796 
0.632800890891 0.295371231047 
0.632900990991 0.295488145793 
0.633001091091 0.295490634648 
0.633101191191 0.295490226923 
0.633201291291 0.29549046751 
0.633301391391 0.295493771887 
0.633401491491 0.2955094783 
0.633501591592 0.295516328838 
0.633601691692 0.295519639715 
0.633701791792 0.295516354288 
0.633801891892 0.29550567076 
0.633901991992 0.295505453411 
0.634002092092 0.295512158171 
0.634102192192 0.295619726491 
0.634202292292 0.295625294664 
0.634302392392 0.295620894462 
0.634402492492 0.295446057921 
0.634502592593 0.295358413591 
0.634602692693 0.295373194585 
0.634702792793 0.29538717158 
0.634802892893 0.295387810266 
0.634902992993 0.295386042507 
0.635003093093 0.295381066077 
0.635103193193 0.295392318725 
0.635203293293 0.295517282367 
0.635303393393 0.295535103847 
0.635403493493 0.295531408854 
0.635503593594 0.295528521527 
0.635603693694 0.295534627781 
0.635703793794 0.295529180768 
0.635803893894 0.295537218603 
0.635903993994 0.295544776688 
0.636004094094 0.295542711161 
0.636104194194 0.295540970937 
0.636204294294 0.295532018202 
0.636304394394 0.295648949009 
0.636404494494 0.295653298481 
0.636504594595 0.295664223186 
0.636604694695 0.295666172774 
0.636704794795 0.295665721805 
0.636804894895 0.295664473692 
0.636904994995 0.295483148934 
0.637005095095 0.295499716526 
0.637105195195 0.29551452141 
0.637205295295 0.295515393317 
0.637305395395 0.295422917687 
0.637405495495 0.295439820255 
0.637505595596 0.295541562191 
0.637605695696 0.295547246952 
0.637705795796 0.295551333693 
0.637805895896 0.295549342908 
0.637905995996 0.295566074746 
0.638006096096 0.295569049041 
0.638106196196 0.295577144418 
0.638206296296 0.295586360794 
0.638306396396 0.295586304695 
0.638406496496 0.295572024168 
0.638506596597 0.295579490755 
0.638606696697 0.295698036372 
0.638706796797 0.295699577968 
0.638806896897 0.295709751031 
0.638906996997 0.295714972706 
0.639007097097 0.295717161903 
0.639107197197 0.295731492269 
0.639207297297 0.295744544966 
0.639307397397 0.295753765933 
0.639407497497 0.29557668798 
0.639507597598 0.295579234249 
0.639607697698 0.295577634253 
0.639707797798 0.295672739121 
0.639807897898 0.295677994659 
0.639907997998 0.295685805036 
0.640008098098 0.295676390748 
0.640108198198 0.295586604899 
0.640208298298 0.295591566524 
0.640308398398 0.295601951445 
0.640408498498 0.295620626758 
0.640508598599 0.295630853025 
0.640608698699 0.2956324745 
0.640708798799 0.295640951228 
0.640808898899 0.295738012036 
0.640908998999 0.295752213888 
0.641009099099 0.295749850944 
0.641109199199 0.295750199906 
0.641209299299 0.295755807299 
0.641309399399 0.295770332652 
0.641409499499 0.295784380241 
0.6415095996 0.295798427761 
0.6416096997 0.295804677372 
0.6417097998 0.295799950069 
0.6418098999 0.295795864423 
0.64191 0.295619827444 
