0.56191 0.294961442595 
0.562010166945 0.294949858281 
0.56211033389 0.29494368714 
0.562210500835 0.294938682534 
0.56231066778 0.29492891932 
0.562410834725 0.294922313645 
0.562511001669 0.295043327566 
0.562611168614 0.295040936048 
0.562711335559 0.295038005838 
0.562811502504 0.295035802859 
0.562911669449 0.295029109327 
0.563011836394 0.295022962003 
0.563112003339 0.295010891278 
0.563212170284 0.295004662219 
0.563312337229 0.294998183671 
0.563412504174 0.294979290323 
0.563512671119 0.294985490278 
0.563612838063 0.294982604066 
0.563713005008 0.295114798911 
0.563813171953 0.295109574943 
0.563913338898 0.295102377819 
0.564013505843 0.29509509988 
0.564113672788 0.29508836478 
0.564213839733 0.295084773884 
0.564314006678 0.294950412528 
0.564414173623 0.294942280787 
0.564514340568 0.29480151655 
0.564614507513 0.294803187899 
0.564714674457 0.294800114079 
0.564814841402 0.294923622043 
0.564915008347 0.294922326311 
0.565015175292 0.294915215454 
0.565115342237 0.294911332808 
0.565215509182 0.294907009844 
0.565315676127 0.294892846413 
0.565415843072 0.294884685751 
0.565516010017 0.294883330863 
0.565616176962 0.294880371413 
0.565716343907 0.29486900314 
0.565816510851 0.294873396546 
0.565916677796 0.294991051805 
0.566016844741 0.294990510329 
0.566117011686 0.29499014027 
0.566217178631 0.294981650343 
0.566317345576 0.294976374758 
0.566417512521 0.294969766783 
0.566517679466 0.294969506231 
0.566617846411 0.294963893583 
0.566718013356 0.294961314598 
0.566818180301 0.294951872012 
0.566918347245 0.294958324875 
0.56701851419 0.29481265122 
0.567118681135 0.2949322737 
0.56721884808 0.294925800697 
0.567319015025 0.294921473125 
0.56741918197 0.294919384288 
0.567519348915 0.29479112635 
0.56761951586 0.294776674859 
0.567719682805 0.294772744973 
0.56781984975 0.294764720899 
0.567920016694 0.294760092542 
0.568020183639 0.294755198677 
0.568120350584 0.294754499962 
0.568220517529 0.294882948382 
0.568320684474 0.294882498589 
0.568420851419 0.29488436413 
0.568521018364 0.294873421093 
0.568621185309 0.294867645604 
0.568721352254 0.294866857401 
0.568821519199 0.294855132876 
0.568921686144 0.294851329011 
0.569021853088 0.294845216842 
0.569122020033 0.294841958604 
0.569222186978 0.294840490357 
0.569322353923 0.294836975275 
0.569422520868 0.294962431419 
0.569522687813 0.294950459128 
0.569622854758 0.294942051562 
0.569723021703 0.294813040202 
0.569823188648 0.294817987516 
0.569923355593 0.294813523928 
0.570023522538 0.294814129406 
0.570123689482 0.294808074077 
0.570223856427 0.294798122301 
0.570324023372 0.294789597435 
0.570424190317 0.294785247023 
0.570524357262 0.294916902888 
0.570624524207 0.294793420817 
0.570724691152 0.294794314952 
0.570824858097 0.294785020152 
0.570925025042 0.294774753059 
0.571025191987 0.294777438725 
0.571125358932 0.294771168341 
0.571225525876 0.294763398146 
0.571325692821 0.294758562573 
0.571425859766 0.294760645493 
0.571526026711 0.294766265355 
0.571626193656 0.294890113736 
0.571726360601 0.294886774892 
0.571826527546 0.294877776383 
0.571926694491 0.294868165448 
0.572026861436 0.294865997024 
0.572127028381 0.294868609056 
0.572227195326 0.294859465841 
0.57232736227 0.294726169825 
0.572427529215 0.294718731867 
0.57252769616 0.294710239484 
0.572627863105 0.294709178436 
0.57272803005 0.294704678822 
0.572828196995 0.294836720788 
0.57292836394 0.294831406788 
0.573028530885 0.294835115307 
0.57312869783 0.294830967057 
0.573228864775 0.294831419576 
0.57332903172 0.294836473209 
0.573429198664 0.294834989088 
0.573529365609 0.294814600506 
0.573629532554 0.294671984288 
0.573729699499 0.294655949945 
0.573829866444 0.294652118147 
0.573930033389 0.294773197092 
0.574030200334 0.294803643085 
0.574130367279 0.294801120999 
0.574230534224 0.294787493986 
0.574330701169 0.294780662273 
0.574430868114 0.294769078071 
0.574531035058 0.29476120119 
0.574631202003 0.294764261373 
0.574731368948 0.294748118727 
0.574831535893 0.294744669163 
0.574931702838 0.294734704717 
0.575031869783 0.294605825407 
0.575132036728 0.294724687921 
0.575232203673 0.294736404175 
0.575332370618 0.294743015915 
0.575432537563 0.29473202213 
0.575532704508 0.294728250613 
0.575632871452 0.29472553338 
0.575733038397 0.294711835688 
0.575833205342 0.294709668961 
0.575933372287 0.294709613384 
0.576033539232 0.294713956828 
0.576133706177 0.294712676639 
0.576233873122 0.294842849857 
0.576334040067 0.294838124192 
0.576434207012 0.294836662846 
0.576534373957 0.294822556635 
0.576634540902 0.294693250837 
0.576734707846 0.294693487753 
0.576834874791 0.294681003404 
0.576935041736 0.294677562647 
0.577035208681 0.294686592846 
0.577135375626 0.294684740014 
0.577235542571 0.294679732217 
0.577335709516 0.294799549419 
0.577435876461 0.294793214492 
0.577536043406 0.294796972469 
0.577636210351 0.294663299474 
0.577736377295 0.294661389141 
0.57783654424 0.294656677849 
0.577936711185 0.294650485645 
0.57803687813 0.294639389592 
0.578137045075 0.294638636884 
0.57823721202 0.294634651209 
0.578337378965 0.294640297531 
0.57843754591 0.294633600101 
0.578537712855 0.294758040664 
0.5786378798 0.294752998677 
0.578738046745 0.294749974975 
0.578838213689 0.294755006278 
0.578938380634 0.29474507881 
0.579038547579 0.294741193225 
0.579138714524 0.294736527426 
0.579238881469 0.294737110867 
0.579339048414 0.29473402658 
0.579439215359 0.29473558096 
0.579539382304 0.294734163895 
0.579639549249 0.294742554133 
0.579739716194 0.294726111363 
0.579839883139 0.294726982296 
0.579940050083 0.294729949499 
0.580040217028 0.29472305479 
0.580140383973 0.294715902637 
0.580240550918 0.294719055168 
0.580340717863 0.294569511145 
0.580440884808 0.294565450189 
0.580541051753 0.294570474878 
0.580641218698 0.29456205615 
0.580741385643 0.294571538193 
0.580841552588 0.294693327972 
0.580941719533 0.29468709271 
0.581041886477 0.294690623055 
0.581142053422 0.294685268271 
0.581242220367 0.294679311356 
0.581342387312 0.294676930472 
0.581442554257 0.294676203847 
0.581542721202 0.294674351422 
0.581642888147 0.294679210311 
0.581743055092 0.294683722477 
0.581843222037 0.294678226796 
0.581943388982 0.294796687105 
0.582043555927 0.294793800742 
0.582143722871 0.294779409947 
0.582243889816 0.294795674756 
0.582344056761 0.294790272356 
0.582444223706 0.294789738062 
0.582544390651 0.294793296749 
0.582644557596 0.294669318181 
0.582744724541 0.294656393247 
0.582844891486 0.294654248736 
0.582945058431 0.294523346528 
0.583045225376 0.294645748939 
0.583145392321 0.294645788468 
0.583245559265 0.294628286312 
0.58334572621 0.29463328724 
0.583445893155 0.294634994041 
0.5835460601 0.294634007284 
0.583646227045 0.294633722528 
0.58374639399 0.294634654235 
0.583846560935 0.294624138479 
0.58394672788 0.294623690157 
0.584046894825 0.294621774942 
0.58414706177 0.294617610826 
0.584247228715 0.294740661696 
0.584347395659 0.294739517062 
0.584447562604 0.294739844261 
0.584547729549 0.294744790961 
0.584647896494 0.294739391161 
0.584748063439 0.294737836375 
0.584848230384 0.294731946764 
0.584948397329 0.294737756007 
0.585048564274 0.294741744842 
0.585148731219 0.29473456747 
0.585248898164 0.294735280052 
0.585349065109 0.294857875728 
0.585449232053 0.294850349439 
0.585549398998 0.294703104387 
0.585649565943 0.294584356644 
0.585749732888 0.294589953987 
0.585849899833 0.294593820613 
0.585950066778 0.294586795865 
0.586050233723 0.29458988946 
0.586150400668 0.294590654536 
0.586250567613 0.294579831957 
0.586350734558 0.294582512834 
0.586450901503 0.294702278398 
0.586551068447 0.294702518022 
0.586651235392 0.294694559802 
0.586751402337 0.294700852139 
0.586851569282 0.294701451841 
0.586951736227 0.294700583386 
0.587051903172 0.294704987194 
0.587152070117 0.294698693371 
0.587252237062 0.294696804704 
0.587352404007 0.294695783102 
0.587452570952 0.294688899237 
0.587552737896 0.294694440705 
0.587652904841 0.294814682794 
0.587753071786 0.29480520775 
0.587853238731 0.294804357786 
0.587953405676 0.294798336619 
0.588053572621 0.294793626204 
0.588153739566 0.294787615582 
0.588253906511 0.294642154386 
0.588354073456 0.294656077003 
0.588454240401 0.294658209908 
0.588554407346 0.294538842294 
0.58865457429 0.294529955951 
0.588754741235 0.294659624822 
0.58885490818 0.294661764128 
0.588955075125 0.294659679015 
0.58905524207 0.294658038078 
0.589155409015 0.294667236499 
0.58925557596 0.294671284356 
0.589355742905 0.294661312001 
0.58945590985 0.294658397745 
0.589556076795 0.294657293113 
0.58965624374 0.294658939659 
0.589756410684 0.294656382295 
0.589856577629 0.294780065199 
0.589956744574 0.294779472271 
0.590056911519 0.294781115386 
0.590157078464 0.294776148837 
0.590257245409 0.294771101575 
0.590357412354 0.294765545457 
0.590457579299 0.294769181755 
0.590557746244 0.294763291308 
0.590657913189 0.294765473437 
0.590758080134 0.294758215839 
0.590858247078 0.294622733221 
0.590958414023 0.294614568894 
0.591058580968 0.294740726245 
0.591158747913 0.294734523418 
0.591258914858 0.294729867513 
0.591359081803 0.294725993149 
0.591459248748 0.294727091018 
0.591559415693 0.294606777225 
0.591659582638 0.294613468779 
0.591759749583 0.294617940099 
0.591859916528 0.294616500424 
0.591960083472 0.294612501024 
0.592060250417 0.294612783509 
0.592160417362 0.29473122474 
0.592260584307 0.294734409682 
0.592360751252 0.294727831273 
0.592460918197 0.294727944775 
0.592561085142 0.294720018564 
0.592661252087 0.29472158728 
0.592761419032 0.294716579536 
0.592861585977 0.294716877827 
0.592961752922 0.294714783867 
0.593061919866 0.294724660354 
0.593162086811 0.294716164625 
0.593262253756 0.294838352567 
0.593362420701 0.294835402633 
0.593462587646 0.294684163163 
0.593562754591 0.294681073992 
0.593662921536 0.294686361177 
0.593763088481 0.294684642392 
0.593863255426 0.29469283473 
0.593963422371 0.294687029504 
0.594063589316 0.294686865087 
0.59416375626 0.29469566358 
0.594263923205 0.294694394298 
0.59436409015 0.294686389501 
0.594464257095 0.294705014905 
0.59456442404 0.294700348407 
0.594664590985 0.294709833624 
0.59476475793 0.294706363693 
0.594864924875 0.294701534648 
0.59496509182 0.29469986257 
0.595065258765 0.294700330063 
0.59516542571 0.294699950149 
0.595265592654 0.294707918627 
0.595365759599 0.294712652021 
0.595465926544 0.294710404398 
0.595566093489 0.294829760503 
0.595666260434 0.294824779495 
0.595766427379 0.294823122471 
0.595866594324 0.294825384097 
0.595966761269 0.294819138767 
0.596066928214 0.294668533487 
0.596167095159 0.294670235813 
0.596267262104 0.294675000926 
0.596367429048 0.294675264037 
0.596467595993 0.294677740308 
0.596567762938 0.294678521392 
0.596667929883 0.294800688834 
0.596768096828 0.294791165357 
0.596868263773 0.294801454741 
0.596968430718 0.294793989589 
0.597068597663 0.294790608918 
0.597168764608 0.294790196274 
0.597268931553 0.294790384876 
0.597369098497 0.294685137662 
0.597469265442 0.294681535816 
0.597569432387 0.294679719512 
0.597669599332 0.294691145322 
0.597769766277 0.294693070835 
0.597869933222 0.294810632964 
0.597970100167 0.294807611144 
0.598070267112 0.294801550363 
0.598170434057 0.294808486659 
0.598270601002 0.294806938705 
0.598370767947 0.294814535917 
0.598470934891 0.294817727914 
0.598571101836 0.294810754861 
0.598671268781 0.294670539809 
0.598771435726 0.294660381008 
0.598871602671 0.29466107359 
0.598971769616 0.29476933152 
0.599071936561 0.294769520038 
0.599172103506 0.294771310741 
0.599272270451 0.294782580212 
0.599372437396 0.294774886023 
0.599472604341 0.294772878907 
0.599572771285 0.294769098627 
0.59967293823 0.294772594352 
0.599773105175 0.294776263649 
0.59987327212 0.294783916939 
0.599973439065 0.294781159229 
0.60007360601 0.294890184155 
0.600173772955 0.294885902645 
0.6002739399 0.294780214963 
0.600374106845 0.294780353155 
0.60047427379 0.294782017849 
0.600574440735 0.294782159962 
0.600674607679 0.294775549396 
0.600774774624 0.294784826094 
0.600874941569 0.294784306345 
0.600975108514 0.294783790002 
0.601075275459 0.294788177895 
0.601175442404 0.294775435128 
0.601275609349 0.294740861546 
0.601375776294 0.294741721749 
0.601475943239 0.294747138375 
0.601576110184 0.294753143651 
0.601676277129 0.29475906645 
0.601776444073 0.294747284175 
0.601876611018 0.294753044977 
0.601976777963 0.29476108681 
0.602076944908 0.294765919235 
0.602177111853 0.294772281619 
0.602277278798 0.294774512553 
0.602377445743 0.294894522196 
0.602477612688 0.294896740105 
0.602577779633 0.294896689816 
0.602677946578 0.294895711784 
0.602778113523 0.294885063214 
0.602878280467 0.294878203717 
0.602978447412 0.294872196965 
0.603078614357 0.294872165378 
0.603178781302 0.294779436113 
0.603278948247 0.294772777736 
0.603379115192 0.294777909724 
0.603479282137 0.29489657919 
0.603579449082 0.29489067616 
0.603679616027 0.294890331109 
0.603779782972 0.294736690873 
0.603879949917 0.294727634402 
0.603980116861 0.294727577384 
0.604080283806 0.294723828142 
0.604180450751 0.294725794444 
0.604280617696 0.294729693484 
0.604380784641 0.294738889304 
0.604480951586 0.294743719648 
0.604581118531 0.294742257518 
0.604681285476 0.294854370823 
0.604781452421 0.294856760805 
0.604881619366 0.294858900508 
0.604981786311 0.294842332609 
0.605081953255 0.294837351031 
0.6051821202 0.294838412909 
0.605282287145 0.294835029652 
0.60538245409 0.294842221289 
0.605482621035 0.294837255737 
0.60558278798 0.294839173496 
0.605682954925 0.294843855499 
0.60578312187 0.294965106436 
0.605883288815 0.294970281163 
0.60598345576 0.294969168503 
0.606083622705 0.294860201789 
0.606183789649 0.294851410744 
0.606283956594 0.294848075964 
0.606384123539 0.294691475198 
0.606484290484 0.294701392718 
0.606584457429 0.294703449838 
0.606684624374 0.294700900028 
0.606784791319 0.294702547186 
0.606884958264 0.294828418395 
0.606985125209 0.294832724555 
0.607085292154 0.294838284998 
0.607185459098 0.294839503538 
0.607285626043 0.294851514062 
0.607385792988 0.294842201596 
0.607485959933 0.294838667928 
0.607586126878 0.294844075861 
0.607686293823 0.294846229754 
0.607786460768 0.294854068093 
0.607886627713 0.294855558126 
0.607986794658 0.29484870376 
0.608086961603 0.29496902509 
0.608187128548 0.294968509235 
0.608287295492 0.294975503075 
0.608387462437 0.294977327095 
0.608487629382 0.29498015609 
0.608587796327 0.294975980461 
0.608687963272 0.294971477675 
0.608788130217 0.29497581655 
0.608888297162 0.294975740379 
0.608988464107 0.294717048638 
0.609088631052 0.294714937499 
0.609188797997 0.294828118773 
0.609288964942 0.294838079272 
0.609389131886 0.294838040179 
0.609489298831 0.294848259659 
0.609589465776 0.294846229862 
0.609689632721 0.294844369012 
0.609789799666 0.294843014825 
0.609889966611 0.29484699064 
0.609990133556 0.294845231429 
0.610090300501 0.294860874847 
0.610190467446 0.294850210805 
0.610290634391 0.294971036862 
0.610390801336 0.294977762177 
0.61049096828 0.294971335319 
0.610591135225 0.294971235331 
0.61069130217 0.294983974937 
0.610791469115 0.294976985986 
0.61089163606 0.294981286956 
0.610991803005 0.294981457329 
0.61109196995 0.294976316257 
0.611192136895 0.294971924718 
0.61129230384 0.294981415743 
0.611392470785 0.294986333374 
0.61149263773 0.295092510454 
0.611592804674 0.29494354502 
0.611692971619 0.294942587085 
0.611793138564 0.294945694565 
0.611893305509 0.294838334041 
0.611993472454 0.294834829243 
0.612093639399 0.294836222646 
0.612193806344 0.29485454628 
0.612293973289 0.294849308704 
0.612394140234 0.294854528579 
0.612494307179 0.294848639814 
0.612594474124 0.294974601548 
0.612694641068 0.294967872457 
0.612794808013 0.294975323763 
0.612894974958 0.294971336785 
0.612995141903 0.294984427971 
0.613095308848 0.294989151369 
0.613195475793 0.294984847088 
0.613295642738 0.294965968925 
0.613395809683 0.294982296893 
0.613495976628 0.294984715453 
0.613596143573 0.294991604837 
0.613696310518 0.295107280794 
0.613796477462 0.29510993408 
0.613896644407 0.295106307213 
0.613996811352 0.295105656369 
0.614096978297 0.294954126654 
0.614197145242 0.294952603277 
0.614297312187 0.294959518748 
0.614397479132 0.294966101839 
0.614497646077 0.294961193187 
0.614597813022 0.294966136103 
0.614697979967 0.294863632875 
0.614798146912 0.294858424008 
0.614898313856 0.294980565922 
0.614998480801 0.294975515361 
0.615098647746 0.294980465746 
0.615198814691 0.294981701376 
0.615298981636 0.294988722676 
0.615399148581 0.294990462468 
0.615499315526 0.294995668981 
0.615599482471 0.29499543201 
0.615699649416 0.294990990766 
0.615799816361 0.2949920792 
0.615899983306 0.295001757536 
0.61600015025 0.295118187418 
0.616100317195 0.295111431221 
0.61620048414 0.295123649397 
0.616300651085 0.29511888455 
0.61640081803 0.295119817229 
0.616500984975 0.295122806535 
0.61660115192 0.295115250679 
0.616701318865 0.29496779582 
0.61680148581 0.294962002079 
0.616901652755 0.29496281092 
0.617001819699 0.294960984037 
0.617101986644 0.295080151429 
0.617202153589 0.295078152301 
0.617302320534 0.295077057778 
0.617402487479 0.29507778292 
0.617502654424 0.295085836992 
0.617602821369 0.294986512953 
0.617702988314 0.294985786712 
0.617803155259 0.294973032917 
0.617903322204 0.294974294527 
0.618003489149 0.29498739871 
0.618103656093 0.294982896029 
0.618203823038 0.295104368871 
0.618303989983 0.29510396831 
0.618404156928 0.295107108972 
0.618504323873 0.295110011719 
0.618604490818 0.29511290759 
0.618704657763 0.295117618796 
0.618804824708 0.295114446769 
0.618904991653 0.295114976666 
0.619005158598 0.29511016992 
0.619105325543 0.295113826518 
0.619205492487 0.294961766514 
0.619305659432 0.294967669524 
0.619405826377 0.295077480415 
0.619505993322 0.295081070604 
0.619606160267 0.295083599347 
0.619706327212 0.295087523911 
0.619806494157 0.295099657212 
0.619906661102 0.295101864478 
0.620006828047 0.295102358327 
0.620106994992 0.295104900527 
0.620207161937 0.295105233345 
0.620307328881 0.295105893041 
0.620407495826 0.295012830012 
0.620507662771 0.295121015419 
0.620607829716 0.295131277897 
0.620707996661 0.295135555275 
0.620808163606 0.29513582457 
0.620908330551 0.295138636948 
0.621008497496 0.29513834325 
0.621108664441 0.29512912521 
0.621208831386 0.295132851405 
0.621308998331 0.295128637891 
0.621409165275 0.295129586752 
0.62150933222 0.295123831368 
0.621609499165 0.295242259049 
0.62170966611 0.29509550255 
0.621809833055 0.295100799959 
0.62191 0.295094905751 
