0.5 18.6521 18.5922
0.591837 15.2601 15.2014
0.683673 12.7818 12.6279
0.77551 10.8928 10.8808
0.867347 9.40615 9.39435
0.959184 8.20652 8.13044
1.05102 7.2189 7.15178
1.14286 6.39244 6.40988
1.23469 5.69145 5.6521
1.32653 5.09016 5.05606
1.41837 4.56952 4.53992
1.5102 4.11516 4.09412
1.60204 3.71605 3.70193
1.69388 3.36362 3.32459
1.78571 3.05112 3.01289
1.87755 2.7732 2.76299
1.96939 2.52557 2.49405
2.06122 2.30479 2.27598
2.15306 2.10812 2.08391
2.2449 1.93333 1.92638
2.33673 1.77864 1.78713
2.42857 1.64262 1.63067
2.52041 1.52409 1.50838
2.61224 1.4221 1.42915
2.70408 1.33579 1.32323
2.79592 1.26434 1.24571
2.88776 1.20694 1.19623
2.97959 1.16269 1.14841
3.07143 1.13056 1.13034
3.16327 1.10944 1.09314
3.2551 1.09813 1.09635
3.34694 1.09537 1.08794
3.43878 1.09991 1.08611
3.53061 1.11057 1.0982
3.62245 1.12625 1.10943
3.71429 1.14596 1.14229
3.80612 1.16887 1.16568
3.89796 1.19424 1.18074
3.9898 1.22145 1.20698
4.08163 1.25002 1.23473
4.17347 1.27952 1.26401
4.26531 1.30963 1.29415
4.35714 1.34007 1.32436
4.44898 1.37062 1.36527
4.54082 1.40112 1.37898
4.63265 1.43143 1.42093
4.72449 1.46144 1.4648
4.81633 1.49107 1.48004
4.90816 1.52027 1.50379
5 1.54897 1.53459
