0, 0, 2.1
0.0379513, 2.7664e-21, 2.1759
0.0759026, 5.5328e-21, 2.25181
0.113854, 8.29919e-21, 2.32771
0.151805, 1.10656e-20, 2.40361
0.189756, 1.3832e-20, 2.47951
0.227708, 1.65984e-20, 2.55542
0.265659, 1.93648e-20, 2.63132
0.30361, 2.21312e-20, 2.70722
0.341562, 2.48976e-20, 2.78312
0.379513, 2.7664e-20, 2.85903
0.417464, 3.04304e-20, 2.93493
-0.0379513, -2.7664e-21, 2.0241
-0.0759026, -5.5328e-21, 1.94819
-0.113854, -8.29919e-21, 1.87229
-0.151805, -1.10656e-20, 1.79639
-0.189756, -1.3832e-20, 1.72049
-0.227708, -1.65984e-20, 1.64458
-0.265659, -1.93648e-20, 1.56868
-0.30361, -2.21312e-20, 1.49278
-0.341562, -2.48976e-20, 1.41688
-0.379513, -2.7664e-20, 1.34097
-0.417464, -3.04304e-20, 1.26507
-0.455415, -3.31968e-20, 1.18917
-0.493367, -3.59632e-20, 1.11327
-0.531318, -3.87296e-20, 1.03736
-0.569269, -4.1496e-20, 0.961461
-0.607221, -4.42624e-20, 0.885559
-0.645172, -4.70288e-20, 0.809656
-0.683123, -4.97952e-20, 0.733754
-0.721074, -5.25616e-20, 0.657851
-0.759026, -5.5328e-20, 0.581949
-0.796977, -5.80944e-20, 0.506046
-0.834928, -6.08608e-20, 0.430143
0.0309871, -0.0774677, 2.08451
0.0689384, -0.0774677, 2.16041
0.10689, -0.0774677, 2.23631
0.144841, -0.0774677, 2.31221
0.182792, -0.0774677, 2.38812
0.220744, -0.0774677, 2.46402
0.258695, -0.0774677, 2.53992
0.296646, -0.0774677, 2.61582
0.334597, -0.0774677, 2.69173
0.372549, -0.0774677, 2.76763
0.4105, -0.0774677, 2.84353
0.448451, -0.0774677, 2.91943
-0.00696419, -0.0774677, 2.0086
-0.0449155, -0.0774677, 1.9327
-0.0828668, -0.0774677, 1.8568
-0.120818, -0.0774677, 1.7809
-0.158769, -0.0774677, 1.70499
-0.196721, -0.0774677, 1.62909
-0.234672, -0.0774677, 1.55319
-0.272623, -0.0774677, 1.47729
-0.310574, -0.0774677, 1.40138
-0.348526, -0.0774677, 1.32548
-0.386477, -0.0774677, 1.24958
-0.424428, -0.0774677, 1.17368
-0.46238, -0.0774677, 1.09777
-0.500331, -0.0774677, 1.02187
-0.538282, -0.0774677, 0.945968
-0.576233, -0.0774677, 0.870065
-0.614185, -0.0774677, 0.794163
-0.652136, -0.0774677, 0.71826
-0.690087, -0.0774677, 0.642358
-0.728039, -0.0774677, 0.566455
-0.76599, -0.0774677, 0.490553
-0.803941, -0.0774677, 0.41465
0.0619742, -0.154935, 2.06901
0.0999255, -0.154935, 2.14492
0.137877, -0.154935, 2.22082
0.175828, -0.154935, 2.29672
0.213779, -0.154935, 2.37262
0.251731, -0.154935, 2.44853
0.289682, -0.154935, 2.52443
0.327633, -0.154935, 2.60033
0.365584, -0.154935, 2.67623
0.403536, -0.154935, 2.75214
0.441487, -0.154935, 2.82804
0.479438, -0.154935, 2.90394
0.0240229, -0.154935, 1.99311
-0.0139284, -0.154935, 1.91721
-0.0518797, -0.154935, 1.84131
-0.0898309, -0.154935, 1.7654
-0.127782, -0.154935, 1.6895
-0.165734, -0.154935, 1.6136
-0.203685, -0.154935, 1.53769
-0.241636, -0.154935, 1.46179
-0.279587, -0.154935, 1.38589
-0.317539, -0.154935, 1.30999
-0.35549, -0.154935, 1.23408
-0.393441, -0.154935, 1.15818
-0.431393, -0.154935, 1.08228
-0.469344, -0.154935, 1.00638
-0.507295, -0.154935, 0.930474
-0.545246, -0.154935, 0.854572
-0.583198, -0.154935, 0.778669
-0.621149, -0.154935, 0.702767
-0.6591, -0.154935, 0.626864
-0.697051, -0.154935, 0.550962
-0.735003, -0.154935, 0.475059
-0.772954, -0.154935, 0.399156
0.0929613, -0.232403, 2.05352
0.130913, -0.232403, 2.12942
0.168864, -0.232403, 2.20532
0.206815, -0.232403, 2.28123
0.244766, -0.232403, 2.35713
0.282718, -0.232403, 2.43303
0.320669, -0.232403, 2.50893
0.35862, -0.232403, 2.58484
0.396572, -0.232403, 2.66074
0.434523, -0.232403, 2.73664
0.472474, -0.232403, 2.81255
0.510425, -0.232403, 2.88845
0.05501, -0.232403, 1.97762
0.0170587, -0.232403, 1.90171
-0.0208926, -0.232403, 1.82581
-0.0588439, -0.232403, 1.74991
-0.0967951, -0.232403, 1.67401
-0.134746, -0.232403, 1.5981
-0.172698, -0.232403, 1.5222
-0.210649, -0.232403, 1.4463
-0.2486, -0.232403, 1.3704
-0.286552, -0.232403, 1.29449
-0.324503, -0.232403, 1.21859
-0.362454, -0.232403, 1.14269
-0.400405, -0.232403, 1.06679
-0.438357, -0.232403, 0.990883
-0.476308, -0.232403, 0.914981
-0.514259, -0.232403, 0.839078
-0.552211, -0.232403, 0.763176
-0.590162, -0.232403, 0.687273
-0.628113, -0.232403, 0.611371
-0.666064, -0.232403, 0.535468
-0.704016, -0.232403, 0.459565
-0.741967, -0.232403, 0.383663
0.123948, -0.309871, 2.03803
0.1619, -0.309871, 2.11393
0.199851, -0.309871, 2.18983
0.237802, -0.309871, 2.26573
0.275754, -0.309871, 2.34164
0.313705, -0.309871, 2.41754
0.351656, -0.309871, 2.49344
0.389607, -0.309871, 2.56934
0.427559, -0.309871, 2.64525
0.46551, -0.309871, 2.72115
0.503461, -0.309871, 2.79705
0.541413, -0.309871, 2.87295
0.0859971, -0.309871, 1.96212
0.0480458, -0.309871, 1.88622
0.0100945, -0.309871, 1.81032
-0.0278568, -0.309871, 1.73442
-0.065808, -0.309871, 1.65851
-0.103759, -0.309871, 1.58261
-0.141711, -0.309871, 1.50671
-0.179662, -0.309871, 1.43081
-0.217613, -0.309871, 1.3549
-0.255564, -0.309871, 1.279
-0.293516, -0.309871, 1.2031
-0.331467, -0.309871, 1.12719
-0.369418, -0.309871, 1.05129
-0.40737, -0.309871, 0.97539
-0.445321, -0.309871, 0.899487
-0.483272, -0.309871, 0.823585
-0.521223, -0.309871, 0.747682
-0.559175, -0.309871, 0.67178
-0.597126, -0.309871, 0.595877
-0.635077, -0.309871, 0.519974
-0.673029, -0.309871, 0.444072
-0.71098, -0.309871, 0.368169
0.154935, -0.387339, 2.02253
0.192887, -0.387339, 2.09843
0.230838, -0.387339, 2.17434
0.268789, -0.387339, 2.25024
0.306741, -0.387339, 2.32614
0.344692, -0.387339, 2.40205
0.382643, -0.387339, 2.47795
0.420594, -0.387339, 2.55385
0.458546, -0.387339, 2.62975
0.496497, -0.387339, 2.70566
0.534448, -0.387339, 2.78156
0.5724, -0.387339, 2.85746
0.116984, -0.387339, 1.94663
0.0790329, -0.387339, 1.87073
0.0410816, -0.387339, 1.79482
0.00313033, -0.387339, 1.71892
-0.034821, -0.387339, 1.64302
-0.0727722, -0.387339, 1.56712
-0.110724, -0.387339, 1.49121
-0.148675, -0.387339, 1.41531
-0.186626, -0.387339, 1.33941
-0.224577, -0.387339, 1.26351
-0.262529, -0.387339, 1.1876
-0.30048, -0.387339, 1.1117
-0.338431, -0.387339, 1.0358
-0.376383, -0.387339, 0.959896
-0.414334, -0.387339, 0.883994
-0.452285, -0.387339, 0.808091
-0.490236, -0.387339, 0.732189
-0.528188, -0.387339, 0.656286
-0.566139, -0.387339, 0.580383
-0.60409, -0.387339, 0.504481
-0.642041, -0.387339, 0.428578
0.185923, -0.464806, 2.00704
0.223874, -0.464806, 2.08294
0.261825, -0.464806, 2.15884
0.299776, -0.464806, 2.23475
0.337728, -0.464806, 2.31065
0.375679, -0.464806, 2.38655
0.41363, -0.464806, 2.46245
0.451582, -0.464806, 2.53836
0.489533, -0.464806, 2.61426
0.527484, -0.464806, 2.69016
0.565435, -0.464806, 2.76606
0.603387, -0.464806, 2.84197
0.147971, -0.464806, 1.93114
0.11002, -0.464806, 1.85523
0.0720687, -0.464806, 1.77933
0.0341174, -0.464806, 1.70343
-0.00383386, -0.464806, 1.62753
-0.0417851, -0.464806, 1.55162
-0.0797364, -0.464806, 1.47572
-0.117688, -0.464806, 1.39982
-0.155639, -0.464806, 1.32392
-0.19359, -0.464806, 1.24801
-0.231542, -0.464806, 1.17211
-0.269493, -0.464806, 1.09621
-0.307444, -0.464806, 1.02031
-0.345395, -0.464806, 0.944403
-0.383347, -0.464806, 0.8685
-0.421298, -0.464806, 0.792598
-0.459249, -0.464806, 0.716695
-0.497201, -0.464806, 0.640792
-0.535152, -0.464806, 0.56489
-0.573103, -0.464806, 0.488987
0.21691, -0.542274, 1.99155
0.254861, -0.542274, 2.06745
0.292812, -0.542274, 2.14335
0.330764, -0.542274, 2.21925
0.368715, -0.542274, 2.29516
0.406666, -0.542274, 2.37106
0.444617, -0.542274, 2.44696
0.482569, -0.542274, 2.52286
0.52052, -0.542274, 2.59877
0.558471, -0.542274, 2.67467
0.596422, -0.542274, 2.75057
0.634374, -0.542274, 2.82647
0.178958, -0.542274, 1.91564
0.141007, -0.542274, 1.83974
0.103056, -0.542274, 1.76384
0.0651045, -0.542274, 1.68793
0.0271532, -0.542274, 1.61203
-0.010798, -0.542274, 1.53613
-0.0487493, -0.542274, 1.46023
-0.0867006, -0.542274, 1.38432
-0.124652, -0.542274, 1.30842
-0.162603, -0.542274, 1.23252
-0.200554, -0.542274, 1.15662
-0.238506, -0.542274, 1.08071
-0.276457, -0.542274, 1.00481
-0.314408, -0.542274, 0.928909
-0.35236, -0.542274, 0.853007
-0.390311, -0.542274, 0.777104
-0.428262, -0.542274, 0.701202
-0.466213, -0.542274, 0.625299
-0.504165, -0.542274, 0.549396
0.247897, -0.619742, 1.97605
0.285848, -0.619742, 2.05195
0.323799, -0.619742, 2.12786
0.361751, -0.619742, 2.20376
0.399702, -0.619742, 2.27966
0.437653, -0.619742, 2.35556
0.475604, -0.619742, 2.43147
0.513556, -0.619742, 2.50737
0.551507, -0.619742, 2.58327
0.589458, -0.619742, 2.65917
0.62741, -0.619742, 2.73508
0.665361, -0.619742, 2.81098
0.209945, -0.619742, 1.90015
0.171994, -0.619742, 1.82425
0.134043, -0.619742, 1.74834
0.0960916, -0.619742, 1.67244
0.0581403, -0.619742, 1.59654
0.020189, -0.619742, 1.52064
-0.0177622, -0.619742, 1.44473
-0.0557135, -0.619742, 1.36883
-0.0936648, -0.619742, 1.29293
-0.131616, -0.619742, 1.21703
-0.169567, -0.619742, 1.14112
-0.207519, -0.619742, 1.06522
-0.24547, -0.619742, 0.989318
-0.283421, -0.619742, 0.913416
-0.321373, -0.619742, 0.837513
-0.359324, -0.619742, 0.761611
-0.397275, -0.619742, 0.685708
0.278884, -0.69721, 1.96056
0.316835, -0.69721, 2.03646
0.354786, -0.69721, 2.11236
0.392738, -0.69721, 2.18827
0.430689, -0.69721, 2.26417
0.46864, -0.69721, 2.34007
0.506592, -0.69721, 2.41597
0.544543, -0.69721, 2.49188
0.582494, -0.69721, 2.56778
0.620445, -0.69721, 2.64368
0.658397, -0.69721, 2.71958
0.696348, -0.69721, 2.79549
0.240933, -0.69721, 1.88466
0.202981, -0.69721, 1.80875
0.16503, -0.69721, 1.73285
0.127079, -0.69721, 1.65695
0.0891274, -0.69721, 1.58105
0.0511761, -0.69721, 1.50514
0.0132249, -0.69721, 1.42924
-0.0247264, -0.69721, 1.35334
-0.0626777, -0.69721, 1.27743
-0.100629, -0.69721, 1.20153
-0.13858, -0.69721, 1.12563
-0.176532, -0.69721, 1.04973
-0.214483, -0.69721, 0.973825
-0.252434, -0.69721, 0.897922
-0.290385, -0.69721, 0.82202
-0.328337, -0.69721, 0.746117
0.309871, -0.774677, 1.94506
0.347822, -0.774677, 2.02097
0.385774, -0.774677, 2.09687
0.423725, -0.774677, 2.17277
0.461676, -0.774677, 2.24867
0.499627, -0.774677, 2.32458
0.537579, -0.774677, 2.40048
0.27192, -0.774677, 1.86916
0.233968, -0.774677, 1.79326
0.196017, -0.774677, 1.71736
0.158066, -0.774677, 1.64145
0.120115, -0.774677, 1.56555
0.0821632, -0.774677, 1.48965
0.0442119, -0.774677, 1.41375
0.00626066, -0.774677, 1.33784
-0.0316906, -0.774677, 1.26194
-0.0696419, -0.774677, 1.18604
-0.107593, -0.774677, 1.11014
-0.145544, -0.774677, 1.03423
-0.183496, -0.774677, 0.958331
-0.221447, -0.774677, 0.882429
-0.259398, -0.774677, 0.806526
0.340858, -0.852145, 1.92957
0.378809, -0.852145, 2.00547
0.302907, -0.852145, 1.85367
0.264955, -0.852145, 1.77777
0.227004, -0.852145, 1.70186
0.189053, -0.852145, 1.62596
0.151102, -0.852145, 1.55006
0.11315, -0.852145, 1.47416
0.075199, -0.852145, 1.39825
0.0372478, -0.852145, 1.32235
-0.000703526, -0.852145, 1.24645
-0.0386548, -0.852145, 1.17055
-0.0766061, -0.852145, 1.09464
-0.114557, -0.852145, 1.01874
-0.152509, -0.852145, 0.942838
-0.19046, -0.852145, 0.866935
-0.0309871, 0.0774677, 2.11549
0.00696419, 0.0774677, 2.1914
0.0449155, 0.0774677, 2.2673
0.0828668, 0.0774677, 2.3432
0.120818, 0.0774677, 2.4191
0.158769, 0.0774677, 2.49501
0.196721, 0.0774677, 2.57091
0.234672, 0.0774677, 2.64681
0.272623, 0.0774677, 2.72271
0.310574, 0.0774677, 2.79862
0.348526, 0.0774677, 2.87452
0.386477, 0.0774677, 2.95042
-0.0689384, 0.0774677, 2.03959
-0.10689, 0.0774677, 1.96369
-0.144841, 0.0774677, 1.88779
-0.182792, 0.0774677, 1.81188
-0.220744, 0.0774677, 1.73598
-0.258695, 0.0774677, 1.66008
-0.296646, 0.0774677, 1.58418
-0.334597, 0.0774677, 1.50827
-0.372549, 0.0774677, 1.43237
-0.4105, 0.0774677, 1.35647
-0.448451, 0.0774677, 1.28057
-0.486403, 0.0774677, 1.20466
-0.524354, 0.0774677, 1.12876
-0.562305, 0.0774677, 1.05286
-0.600256, 0.0774677, 0.976955
-0.638208, 0.0774677, 0.901052
-0.676159, 0.0774677, 0.82515
-0.71411, 0.0774677, 0.749247
-0.752061, 0.0774677, 0.673345
-0.790013, 0.0774677, 0.597442
-0.827964, 0.0774677, 0.52154
-0.865915, 0.0774677, 0.445637
-0.0619742, 0.154935, 2.13099
-0.0240229, 0.154935, 2.20689
0.0139284, 0.154935, 2.28279
0.0518797, 0.154935, 2.35869
0.0898309, 0.154935, 2.4346
0.127782, 0.154935, 2.5105
0.165734, 0.154935, 2.5864
0.203685, 0.154935, 2.66231
0.241636, 0.154935, 2.73821
0.279587, 0.154935, 2.81411
0.317539, 0.154935, 2.89001
0.35549, 0.154935, 2.96592
-0.0999255, 0.154935, 2.05508
-0.137877, 0.154935, 1.97918
-0.175828, 0.154935, 1.90328
-0.213779, 0.154935, 1.82738
-0.251731, 0.154935, 1.75147
-0.289682, 0.154935, 1.67557
-0.327633, 0.154935, 1.59967
-0.365584, 0.154935, 1.52377
-0.403536, 0.154935, 1.44786
-0.441487, 0.154935, 1.37196
-0.479438, 0.154935, 1.29606
-0.51739, 0.154935, 1.22016
-0.555341, 0.154935, 1.14425
-0.593292, 0.154935, 1.06835
-0.631243, 0.154935, 0.992449
-0.669195, 0.154935, 0.916546
-0.707146, 0.154935, 0.840643
-0.745097, 0.154935, 0.764741
-0.783049, 0.154935, 0.688838
-0.821, 0.154935, 0.612936
-0.858951, 0.154935, 0.537033
-0.896902, 0.154935, 0.461131
-0.0929613, 0.232403, 2.14648
-0.05501, 0.232403, 2.22238
-0.0170587, 0.232403, 2.29829
0.0208926, 0.232403, 2.37419
0.0588439, 0.232403, 2.45009
0.0967951, 0.232403, 2.52599
0.134746, 0.232403, 2.6019
0.172698, 0.232403, 2.6778
0.210649, 0.232403, 2.7537
0.2486, 0.232403, 2.8296
0.286552, 0.232403, 2.90551
0.324503, 0.232403, 2.98141
-0.130913, 0.232403, 2.07058
-0.168864, 0.232403, 1.99468
-0.206815, 0.232403, 1.91877
-0.244766, 0.232403, 1.84287
-0.282718, 0.232403, 1.76697
-0.320669, 0.232403, 1.69107
-0.35862, 0.232403, 1.61516
-0.396572, 0.232403, 1.53926
-0.434523, 0.232403, 1.46336
-0.472474, 0.232403, 1.38745
-0.510425, 0.232403, 1.31155
-0.548377, 0.232403, 1.23565
-0.586328, 0.232403, 1.15975
-0.624279, 0.232403, 1.08384
-0.662231, 0.232403, 1.00794
-0.700182, 0.232403, 0.93204
-0.738133, 0.232403, 0.856137
-0.776084, 0.232403, 0.780234
-0.814036, 0.232403, 0.704332
-0.851987, 0.232403, 0.628429
-0.889938, 0.232403, 0.552527
-0.92789, 0.232403, 0.476624
-0.123948, 0.309871, 2.16197
-0.0859971, 0.309871, 2.23788
-0.0480458, 0.309871, 2.31378
-0.0100945, 0.309871, 2.38968
0.0278568, 0.309871, 2.46558
0.065808, 0.309871, 2.54149
0.103759, 0.309871, 2.61739
0.141711, 0.309871, 2.69329
0.179662, 0.309871, 2.76919
0.217613, 0.309871, 2.8451
0.255564, 0.309871, 2.921
0.293516, 0.309871, 2.9969
-0.1619, 0.309871, 2.08607
-0.199851, 0.309871, 2.01017
-0.237802, 0.309871, 1.93427
-0.275754, 0.309871, 1.85836
-0.313705, 0.309871, 1.78246
-0.351656, 0.309871, 1.70656
-0.389607, 0.309871, 1.63066
-0.427559, 0.309871, 1.55475
-0.46551, 0.309871, 1.47885
-0.503461, 0.309871, 1.40295
-0.541413, 0.309871, 1.32705
-0.579364, 0.309871, 1.25114
-0.617315, 0.309871, 1.17524
-0.655266, 0.309871, 1.09934
-0.693218, 0.309871, 1.02344
-0.731169, 0.309871, 0.947533
-0.76912, 0.309871, 0.871631
-0.807071, 0.309871, 0.795728
-0.845023, 0.309871, 0.719825
-0.882974, 0.309871, 0.643923
-0.920925, 0.309871, 0.56802
-0.958877, 0.309871, 0.492118
-0.154935, 0.387339, 2.17747
-0.116984, 0.387339, 2.25337
-0.0790329, 0.387339, 2.32927
-0.0410816, 0.387339, 2.40518
-0.00313033, 0.387339, 2.48108
0.034821, 0.387339, 2.55698
0.0727722, 0.387339, 2.63288
0.110724, 0.387339, 2.70879
0.148675, 0.387339, 2.78469
0.186626, 0.387339, 2.86059
0.224577, 0.387339, 2.93649
0.262529, 0.387339, 3.0124
-0.192887, 0.387339, 2.10157
-0.230838, 0.387339, 2.02566
-0.268789, 0.387339, 1.94976
-0.306741, 0.387339, 1.87386
-0.344692, 0.387339, 1.79795
-0.382643, 0.387339, 1.72205
-0.420594, 0.387339, 1.64615
-0.458546, 0.387339, 1.57025
-0.496497, 0.387339, 1.49434
-0.534448, 0.387339, 1.41844
-0.5724, 0.387339, 1.34254
-0.610351, 0.387339, 1.26664
-0.648302, 0.387339, 1.19073
-0.686253, 0.387339, 1.11483
-0.724205, 0.387339, 1.03893
-0.762156, 0.387339, 0.963027
-0.800107, 0.387339, 0.887124
-0.838059, 0.387339, 0.811222
-0.87601, 0.387339, 0.735319
-0.913961, 0.387339, 0.659416
-0.951912, 0.387339, 0.583514
-0.989864, 0.387339, 0.507611
-0.185923, 0.464806, 2.19296
-0.147971, 0.464806, 2.26886
-0.11002, 0.464806, 2.34477
-0.0720687, 0.464806, 2.42067
-0.0341174, 0.464806, 2.49657
0.00383386, 0.464806, 2.57247
0.0417851, 0.464806, 2.64838
0.0797364, 0.464806, 2.72428
0.117688, 0.464806, 2.80018
0.155639, 0.464806, 2.87608
0.19359, 0.464806, 2.95199
0.231542, 0.464806, 3.02789
-0.223874, 0.464806, 2.11706
-0.261825, 0.464806, 2.04116
-0.299776, 0.464806, 1.96525
-0.337728, 0.464806, 1.88935
-0.375679, 0.464806, 1.81345
-0.41363, 0.464806, 1.73755
-0.451582, 0.464806, 1.66164
-0.489533, 0.464806, 1.58574
-0.527484, 0.464806, 1.50984
-0.565435, 0.464806, 1.43394
-0.603387, 0.464806, 1.35803
-0.641338, 0.464806, 1.28213
-0.679289, 0.464806, 1.20623
-0.717241, 0.464806, 1.13033
-0.755192, 0.464806, 1.05442
-0.793143, 0.464806, 0.97852
-0.831094, 0.464806, 0.902618
-0.869046, 0.464806, 0.826715
-0.906997, 0.464806, 0.750812
-0.944948, 0.464806, 0.67491
-0.9829, 0.464806, 0.599007
-1.02085, 0.464806, 0.523105
-0.21691, 0.542274, 2.20845
-0.178958, 0.542274, 2.28436
-0.141007, 0.542274, 2.36026
-0.103056, 0.542274, 2.43616
-0.0651045, 0.542274, 2.51207
-0.0271532, 0.542274, 2.58797
0.010798, 0.542274, 2.66387
0.0487493, 0.542274, 2.73977
0.0867006, 0.542274, 2.81568
0.124652, 0.542274, 2.89158
0.162603, 0.542274, 2.96748
0.200554, 0.542274, 3.04338
-0.254861, 0.542274, 2.13255
-0.292812, 0.542274, 2.05665
-0.330764, 0.542274, 1.98075
-0.368715, 0.542274, 1.90484
-0.406666, 0.542274, 1.82894
-0.444617, 0.542274, 1.75304
-0.482569, 0.542274, 1.67714
-0.52052, 0.542274, 1.60123
-0.558471, 0.542274, 1.52533
-0.596422, 0.542274, 1.44943
-0.634374, 0.542274, 1.37353
-0.672325, 0.542274, 1.29762
-0.710276, 0.542274, 1.22172
-0.748228, 0.542274, 1.14582
-0.786179, 0.542274, 1.06992
-0.82413, 0.542274, 0.994014
-0.862081, 0.542274, 0.918111
-0.900033, 0.542274, 0.842209
-0.937984, 0.542274, 0.766306
-0.975935, 0.542274, 0.690403
-1.01389, 0.542274, 0.614501
-1.05184, 0.542274, 0.538598
-0.247897, 0.619742, 2.22395
-0.209945, 0.619742, 2.29985
-0.171994, 0.619742, 2.37575
-0.134043, 0.619742, 2.45166
-0.0960916, 0.619742, 2.52756
-0.0581403, 0.619742, 2.60346
-0.020189, 0.619742, 2.67936
0.0177622, 0.619742, 2.75527
0.0557135, 0.619742, 2.83117
0.0936648, 0.619742, 2.90707
0.131616, 0.619742, 2.98297
0.169567, 0.619742, 3.05888
-0.285848, 0.619742, 2.14805
-0.323799, 0.619742, 2.07214
-0.361751, 0.619742, 1.99624
-0.399702, 0.619742, 1.92034
-0.437653, 0.619742, 1.84444
-0.475604, 0.619742, 1.76853
-0.513556, 0.619742, 1.69263
-0.551507, 0.619742, 1.61673
-0.589458, 0.619742, 1.54083
-0.62741, 0.619742, 1.46492
-0.665361, 0.619742, 1.38902
-0.703312, 0.619742, 1.31312
-0.741263, 0.619742, 1.23721
-0.779215, 0.619742, 1.16131
-0.817166, 0.619742, 1.08541
-0.855117, 0.619742, 1.00951
-0.893069, 0.619742, 0.933605
-0.93102, 0.619742, 0.857702
-0.968971, 0.619742, 0.7818
-1.00692, 0.619742, 0.705897
-1.04487, 0.619742, 0.629994
-1.08283, 0.619742, 0.554092
-0.278884, 0.69721, 2.23944
-0.240933, 0.69721, 2.31534
-0.202981, 0.69721, 2.39125
-0.16503, 0.69721, 2.46715
-0.127079, 0.69721, 2.54305
-0.0891274, 0.69721, 2.61895
-0.0511761, 0.69721, 2.69486
-0.0132249, 0.69721, 2.77076
0.0247264, 0.69721, 2.84666
0.0626777, 0.69721, 2.92257
0.100629, 0.69721, 2.99847
0.13858, 0.69721, 3.07437
-0.316835, 0.69721, 2.16354
-0.354786, 0.69721, 2.08764
-0.392738, 0.69721, 2.01173
-0.430689, 0.69721, 1.93583
-0.46864, 0.69721, 1.85993
-0.506592, 0.69721, 1.78403
-0.544543, 0.69721, 1.70812
-0.582494, 0.69721, 1.63222
-0.620445, 0.69721, 1.55632
-0.658397, 0.69721, 1.48042
-0.696348, 0.69721, 1.40451
-0.734299, 0.69721, 1.32861
-0.772251, 0.69721, 1.25271
-0.810202, 0.69721, 1.17681
-0.848153, 0.69721, 1.1009
-0.886104, 0.69721, 1.025
-0.924056, 0.69721, 0.949098
-0.962007, 0.69721, 0.873196
-0.999958, 0.69721, 0.797293
-1.03791, 0.69721, 0.721391
-1.07586, 0.69721, 0.645488
-1.11381, 0.69721, 0.569585
-0.309871, 0.774677, 2.25494
-0.27192, 0.774677, 2.33084
-0.233968, 0.774677, 2.40674
-0.196017, 0.774677, 2.48264
-0.158066, 0.774677, 2.55855
-0.120115, 0.774677, 2.63445
-0.0821632, 0.774677, 2.71035
-0.0442119, 0.774677, 2.78625
-0.00626066, 0.774677, 2.86216
0.0316906, 0.774677, 2.93806
0.0696419, 0.774677, 3.01396
0.107593, 0.774677, 3.08986
-0.347822, 0.774677, 2.17903
-0.385774, 0.774677, 2.10313
-0.423725, 0.774677, 2.02723
-0.461676, 0.774677, 1.95133
-0.499627, 0.774677, 1.87542
-0.537579, 0.774677, 1.79952
-0.57553, 0.774677, 1.72362
-0.613481, 0.774677, 1.64771
-0.651432, 0.774677, 1.57181
-0.689384, 0.774677, 1.49591
-0.727335, 0.774677, 1.42001
-0.765286, 0.774677, 1.3441
-0.803238, 0.774677, 1.2682
-0.841189, 0.774677, 1.1923
-0.87914, 0.774677, 1.1164
-0.917091, 0.774677, 1.04049
-0.955043, 0.774677, 0.964592
-0.992994, 0.774677, 0.888689
-1.03095, 0.774677, 0.812787
-1.0689, 0.774677, 0.736884
-1.10685, 0.774677, 0.660982
-1.1448, 0.774677, 0.585079
-0.340858, 0.852145, 2.27043
-0.302907, 0.852145, 2.34633
-0.264955, 0.852145, 2.42223
-0.227004, 0.852145, 2.49814
-0.189053, 0.852145, 2.57404
-0.151102, 0.852145, 2.64994
-0.11315, 0.852145, 2.72584
-0.075199, 0.852145, 2.80175
-0.0372478, 0.852145, 2.87765
0.000703526, 0.852145, 2.95355
0.0386548, 0.852145, 3.02945
0.0766061, 0.852145, 3.10536
-0.378809, 0.852145, 2.19453
-0.416761, 0.852145, 2.11862
-0.454712, 0.852145, 2.04272
-0.492663, 0.852145, 1.96682
-0.530614, 0.852145, 1.89092
-0.568566, 0.852145, 1.81501
-0.606517, 0.852145, 1.73911
-0.644468, 0.852145, 1.66321
-0.68242, 0.852145, 1.58731
-0.720371, 0.852145, 1.5114
-0.758322, 0.852145, 1.4355
-0.796273, 0.852145, 1.3596
-0.834225, 0.852145, 1.2837
-0.872176, 0.852145, 1.20779
-0.910127, 0.852145, 1.13189
-0.948079, 0.852145, 1.05599
-0.98603, 0.852145, 0.980085
-1.02398, 0.852145, 0.904183
-1.06193, 0.852145, 0.82828
-1.09988, 0.852145, 0.752378
-1.13783, 0.852145, 0.676475
-1.17579, 0.852145, 0.600573
-0.371845, 0.929613, 2.28592
-0.333894, 0.929613, 2.36183
-0.295943, 0.929613, 2.43773
-0.257991, 0.929613, 2.51363
-0.22004, 0.929613, 2.58953
-0.182089, 0.929613, 2.66544
-0.144137, 0.929613, 2.74134
-0.106186, 0.929613, 2.81724
-0.0682349, 0.929613, 2.89314
-0.0302836, 0.929613, 2.96905
0.00766772, 0.929613, 3.04495
0.045619, 0.929613, 3.12085
-0.409796, 0.929613, 2.21002
-0.447748, 0.929613, 2.13412
-0.485699, 0.929613, 2.05821
-0.52365, 0.929613, 1.98231
-0.561602, 0.929613, 1.90641
-0.599553, 0.929613, 1.83051
-0.637504, 0.929613, 1.7546
-0.675455, 0.929613, 1.6787
-0.713407, 0.929613, 1.6028
-0.751358, 0.929613, 1.5269
-0.789309, 0.929613, 1.45099
-0.827261, 0.929613, 1.37509
-0.865212, 0.929613, 1.29919
-0.903163, 0.929613, 1.22329
-0.941114, 0.929613, 1.14738
-0.979066, 0.929613, 1.07148
-1.01702, 0.929613, 0.995579
-1.05497, 0.929613, 0.919676
-1.09292, 0.929613, 0.843774
-1.13087, 0.929613, 0.767871
-1.16882, 0.929613, 0.691969
-1.20677, 0.929613, 0.616066
-0.402832, 1.00708, 2.30142
-0.364881, 1.00708, 2.37732
-0.32693, 1.00708, 2.45322
-0.288978, 1.00708, 2.52912
-0.251027, 1.00708, 2.60503
-0.213076, 1.00708, 2.68093
-0.175125, 1.00708, 2.75683
-0.137173, 1.00708, 2.83273
-0.0992219, 1.00708, 2.90864
-0.0612707, 1.00708, 2.98454
-0.0233194, 1.00708, 3.06044
0.0146319, 1.00708, 3.13634
-0.440784, 1.00708, 2.22551
-0.478735, 1.00708, 2.14961
-0.516686, 1.00708, 2.07371
-0.554637, 1.00708, 1.99781
-0.592589, 1.00708, 1.9219
-0.63054, 1.00708, 1.846
-0.668491, 1.00708, 1.7701
-0.706442, 1.00708, 1.6942
-0.744394, 1.00708, 1.61829
-0.782345, 1.00708, 1.54239
-0.820296, 1.00708, 1.46649
-0.858248, 1.00708, 1.39059
-0.896199, 1.00708, 1.31468
-0.93415, 1.00708, 1.23878
-0.972101, 1.00708, 1.16288
-1.01005, 1.00708, 1.08698
-1.048, 1.00708, 1.01107
-1.08596, 1.00708, 0.93517
-1.12391, 1.00708, 0.859267
-1.16186, 1.00708, 0.783365
-1.19981, 1.00708, 0.707462
-1.23776, 1.00708, 0.63156
-0.433819, 1.08455, 2.31691
-0.395868, 1.08455, 2.39281
-0.357917, 1.08455, 2.46871
-0.319965, 1.08455, 2.54462
-0.282014, 1.08455, 2.62052
-0.244063, 1.08455, 2.69642
-0.206112, 1.08455, 2.77233
-0.16816, 1.08455, 2.84823
-0.130209, 1.08455, 2.92413
-0.0922578, 1.08455, 3.00003
-0.0543065, 1.08455, 3.07594
-0.471771, 1.08455, 2.24101
-0.509722, 1.08455, 2.1651
-0.547673, 1.08455, 2.0892
-0.585624, 1.08455, 2.0133
-0.623576, 1.08455, 1.9374
-0.661527, 1.08455, 1.86149
-0.699478, 1.08455, 1.78559
-0.73743, 1.08455, 1.70969
-0.775381, 1.08455, 1.63379
-0.813332, 1.08455, 1.55788
-0.851283, 1.08455, 1.48198
-0.889235, 1.08455, 1.40608
-0.927186, 1.08455, 1.33018
-0.965137, 1.08455, 1.25427
-1.00309, 1.08455, 1.17837
-1.04104, 1.08455, 1.10247
-1.07899, 1.08455, 1.02657
-1.11694, 1.08455, 0.950663
-1.15489, 1.08455, 0.874761
-1.19284, 1.08455, 0.798858
-1.2308, 1.08455, 0.722956
-1.26875, 1.08455, 0.647053
-0.464806, 1.16202, 2.3324
-0.426855, 1.16202, 2.40831
-0.388904, 1.16202, 2.48421
-0.350953, 1.16202, 2.56011
-0.313001, 1.16202, 2.63601
-0.27505, 1.16202, 2.71192
-0.237099, 1.16202, 2.78782
-0.199147, 1.16202, 2.86372
-0.161196, 1.16202, 2.93962
-0.123245, 1.16202, 3.01553
-0.502758, 1.16202, 2.2565
-0.540709, 1.16202, 2.1806
-0.57866, 1.16202, 2.1047
-0.616612, 1.16202, 2.02879
-0.654563, 1.16202, 1.95289
-0.692514, 1.16202, 1.87699
-0.730465, 1.16202, 1.80109
-0.768417, 1.16202, 1.72518
-0.806368, 1.16202, 1.64928
-0.844319, 1.16202, 1.57338
-0.882271, 1.16202, 1.49747
-0.920222, 1.16202, 1.42157
-0.958173, 1.16202, 1.34567
-0.996124, 1.16202, 1.26977
-1.03408, 1.16202, 1.19386
-1.07203, 1.16202, 1.11796
-1.10998, 1.16202, 1.04206
-1.14793, 1.16202, 0.966157
-1.18588, 1.16202, 0.890254
-1.22383, 1.16202, 0.814352
-1.26178, 1.16202, 0.738449
-1.29973, 1.16202, 0.662547
-0.495794, 1.23948, 2.3479
-0.457842, 1.23948, 2.4238
-0.419891, 1.23948, 2.4997
-0.38194, 1.23948, 2.5756
-0.343988, 1.23948, 2.65151
-0.306037, 1.23948, 2.72741
-0.268086, 1.23948, 2.80331
-0.230135, 1.23948, 2.87921
-0.192183, 1.23948, 2.95512
-0.533745, 1.23948, 2.27199
-0.571696, 1.23948, 2.19609
-0.609647, 1.23948, 2.12019
-0.647599, 1.23948, 2.04429
-0.68555, 1.23948, 1.96838
-0.723501, 1.23948, 1.89248
-0.761452, 1.23948, 1.81658
-0.799404, 1.23948, 1.74068
-0.837355, 1.23948, 1.66477
-0.875306, 1.23948, 1.58887
-0.913258, 1.23948, 1.51297
-0.951209, 1.23948, 1.43707
-0.98916, 1.23948, 1.36116
-1.02711, 1.23948, 1.28526
-1.06506, 1.23948, 1.20936
-1.10301, 1.23948, 1.13346
-1.14097, 1.23948, 1.05755
-1.17892, 1.23948, 0.981651
-1.21687, 1.23948, 0.905748
-1.25482, 1.23948, 0.829845
-1.29277, 1.23948, 0.753943
-1.33072, 1.23948, 0.67804
-0.526781, 1.31695, 2.36339
-0.488829, 1.31695, 2.43929
-0.450878, 1.31695, 2.5152
-0.412927, 1.31695, 2.5911
-0.374975, 1.31695, 2.667
-0.337024, 1.31695, 2.7429
-0.299073, 1.31695, 2.81881
-0.564732, 1.31695, 2.28749
-0.602683, 1.31695, 2.21159
-0.640634, 1.31695, 2.13568
-0.678586, 1.31695, 2.05978
-0.716537, 1.31695, 1.98388
-0.754488, 1.31695, 1.90797
-0.79244, 1.31695, 1.83207
-0.830391, 1.31695, 1.75617
-0.868342, 1.31695, 1.68027
-0.906293, 1.31695, 1.60436
-0.944245, 1.31695, 1.52846
-0.982196, 1.31695, 1.45256
-1.02015, 1.31695, 1.37666
-1.0581, 1.31695, 1.30075
-1.09605, 1.31695, 1.22485
-1.134, 1.31695, 1.14895
-1.17195, 1.31695, 1.07305
-1.2099, 1.31695, 0.997144
-1.24785, 1.31695, 0.921241
-1.28581, 1.31695, 0.845339
-1.32376, 1.31695, 0.769436
-1.36171, 1.31695, 0.693534
-0.557768, 1.39442, 2.37888
-0.519816, 1.39442, 2.45479
-0.481865, 1.39442, 2.53069
-0.443914, 1.39442, 2.60659
-0.405963, 1.39442, 2.68249
-0.368011, 1.39442, 2.7584
-0.595719, 1.39442, 2.30298
-0.63367, 1.39442, 2.22708
-0.671622, 1.39442, 2.15118
-0.709573, 1.39442, 2.07527
-0.747524, 1.39442, 1.99937
-0.785475, 1.39442, 1.92347
-0.823427, 1.39442, 1.84757
-0.861378, 1.39442, 1.77166
-0.899329, 1.39442, 1.69576
-0.937281, 1.39442, 1.61986
-0.975232, 1.39442, 1.54396
-1.01318, 1.39442, 1.46805
-1.05113, 1.39442, 1.39215
-1.08909, 1.39442, 1.31625
-1.12704, 1.39442, 1.24035
-1.16499, 1.39442, 1.16444
-1.20294, 1.39442, 1.08854
-1.24089, 1.39442, 1.01264
-1.27884, 1.39442, 0.936735
-1.31679, 1.39442, 0.860832
-1.35474, 1.39442, 0.78493
-1.3927, 1.39442, 0.709027
-0.588755, 1.47189, 2.39438
-0.550803, 1.47189, 2.47028
-0.512852, 1.47189, 2.54618
-0.474901, 1.47189, 2.62209
-0.43695, 1.47189, 2.69799
-0.626706, 1.47189, 2.31847
-0.664657, 1.47189, 2.24257
-0.702609, 1.47189, 2.16667
-0.74056, 1.47189, 2.09077
-0.778511, 1.47189, 2.01486
-0.816462, 1.47189, 1.93896
-0.854414, 1.47189, 1.86306
-0.892365, 1.47189, 1.78716
-0.930316, 1.47189, 1.71125
-0.968268, 1.47189, 1.63535
-1.00622, 1.47189, 1.55945
-1.04417, 1.47189, 1.48355
-1.08212, 1.47189, 1.40764
-1.12007, 1.47189, 1.33174
-1.15802, 1.47189, 1.25584
-1.19598, 1.47189, 1.17994
-1.23393, 1.47189, 1.10403
-0.619742, 1.54935, 2.40987
-0.581791, 1.54935, 2.48577
-0.543839, 1.54935, 2.56168
-0.505888, 1.54935, 2.63758
-0.657693, 1.54935, 2.33397
-0.695644, 1.54935, 2.25807
-0.733596, 1.54935, 2.18216
-0.771547, 1.54935, 2.10626
-0.809498, 1.54935, 2.03036
-0.84745, 1.54935, 1.95446
-0.885401, 1.54935, 1.87855
-0.923352, 1.54935, 1.80265
-0.961303, 1.54935, 1.72675
-0.999255, 1.54935, 1.65085
-1.03721, 1.54935, 1.57494
-1.07516, 1.54935, 1.49904
-0.650729, 1.62682, 2.42536
-0.612778, 1.62682, 2.50127
-0.68868, 1.62682, 2.34946
-0.726632, 1.62682, 2.27356
-0.764583, 1.62682, 2.19766
-0.802534, 1.62682, 2.12175
-0.840485, 1.62682, 2.04585
-0.878437, 1.62682, 1.96995
-0.916388, 1.62682, 1.89405
-0.681716, 1.70429, 2.44086
-0.719667, 1.70429, 2.36496
-0.757619, 1.70429, 2.28905
