1
0.960784
0.990099
1.02649
1.0398
0.956175
1.01329
0.974359
0.947631
0.931264
1.00599
0.998185
0.995008
0.993856
0.997147
1.00266
1.00874
1.01763
0.974473
0.974763
0.988012
1.0295
0.986376
1
1.01415
0.984013
0.992314
1.00814
0.974304
0.99173
1.00866
0.978079
0.995003
0.966687
0.985303
0.96916
0.97668
1.03674
1.01262
1.03127
1.0075
1.02535
1.00286
1.02092
0.999546
1.01777
0.997392
1.01574
0.996252
1.01469
0.995602
1.01058
0.995771
0.98642
0.997038
0.980734
0.998215
0.982112
1.01792
1.00237
0.998667
1.00492
0.991938
1.00762
0.99344
1.01169
0.997274
0.98866
1.00118
0.988119
1.00628
0.993241
0.983893
0.997809
0.98568
1
0.991318
0.978967
0.996924
0.985573
0.978755
0.991113
0.980249
0.991809
1.01547
1.00447
1.02046
1.01103
1.00023
1.01775
1.00778
0.998682
1.01413
1.00452
0.997022
1.01116
1.00187
0.995259
1.00877
0.999798
0.993201
1.00693
0.998236
0.991264
1.00558
0.997143
0.989247
1.00467
0.996482
0.987342
1.00218
0.996217
0.987324
0.987436
1.00824
1
0.997414
1.00786
1.00051
0.995127
1.0085
1.00132
0.993116
0.994472
1.00226
0.994401
0.992223
1.00268
0.995938
0.989924
1.00277
0.99771
0.990153
0.989024
0.998657
0.992297
0.986914
0.99927
0.994638
0.987484
0.985859
0.996171
0.990142
0.983778
0.984724
0.992966
0.986166
0.99279
1.01527
1.01074
1.00427
1.00305
1.01302
1.00745
1.00117
1.00155
1.01051
1.00433
0.99962
1
1.00787
1.00161
0.998148
1.00871
1.00537
0.999273
0.996747
1.00707
1.00321
0.997278
0.995177
1.00538
1.0014
0.995607
0.993794
1.00377
0.999886
0.994238
0.99236
1.00223
0.998667
0.99315
0.99099
1.00066
0.997718
0.992325
0.989679
1.00877
1.0067
1.00138
0.997895
0.997801
1.00615
1.00093
0.996598
0.996411
1.00571
1.00071
0.995657
0.995076
