S,1,1,1.65,0.1
P,1,1,1.2,0.199966,0.00369295,0,-0.00738591,0.399932,0,0,0,0.6
C,1,1,1.5,1,1,1.65,0.068
C,0.998154,1.09998,0.5,0.998154,1.09998,0.9,0.1
C,0.998154,1.09998,0.1,0.998154,1.09998,0.5,0.06
C,1.00185,0.900017,0.5,1.00185,0.900017,0.9,0.1
C,1.00185,0.900017,0.1,1.00185,0.900017,0.5,0.06
C,0.995753,1.22996,1.47,0.995753,1.22996,1.17,0.06
C,0.995753,1.22996,1.17,0.995753,1.22996,0.77,0.04
C,1.00425,0.770039,1.47,1.00425,0.770039,1.17,0.06
C,1.00425,0.770039,1.17,1.00425,0.770039,0.77,0.04
