0.55 0.275385140595 
0.550200501253 0.275403933881 
0.550401002506 0.275421975291 
0.550601503759 0.275439235202 
0.550802005013 0.275455757907 
0.551002506266 0.275474223938 
0.551203007519 0.275494678513 
0.551403508772 0.275514207624 
0.551604010025 0.27553279967 
0.551804511278 0.275550513954 
0.552005012531 0.275567369517 
0.552205513784 0.275583365665 
0.552406015038 0.275599462163 
0.552606516291 0.275616263701 
0.552807017544 0.275632271653 
0.553007518797 0.275647350532 
0.55320802005 0.275661310791 
0.553408521303 0.275674621022 
0.553609022556 0.275687733994 
0.55380952381 0.275700354288 
0.554010025063 0.275712211961 
0.554210526316 0.275723457496 
0.554411027569 0.275734326925 
0.554611528822 0.275745233642 
0.554812030075 0.27575707193 
0.555012531328 0.275769467307 
0.555213032581 0.275781842045 
0.555413533835 0.275794201409 
0.555614035088 0.275806703046 
0.555814536341 0.275819338931 
0.556015037594 0.275832044292 
0.556215538847 0.275846313955 
0.5564160401 0.275867044183 
0.556616541353 0.275892516533 
0.556817042607 0.275924090417 
0.55701754386 0.275955378545 
0.557218045113 0.275986315321 
0.557418546366 0.276016865857 
0.557619047619 0.276047061544 
0.557819548872 0.276076947956 
0.558020050125 0.276110232193 
0.558220551378 0.276147108911 
0.558421052632 0.276183824076 
0.558621553885 0.276220405015 
0.558822055138 0.276256833291 
0.559022556391 0.276293084164 
0.559223057644 0.276330209421 
0.559423558897 0.276367554695 
0.55962406015 0.27640460564 
0.559824561404 0.276441266872 
0.560025062657 0.276478124867 
0.56022556391 0.276515324367 
0.560426065163 0.276552116705 
0.560626566416 0.27658843751 
0.560827067669 0.276624052819 
0.561027568922 0.276658931895 
0.561228070175 0.27669544862 
0.561428571429 0.276732701139 
0.561629072682 0.27676902397 
0.561829573935 0.276804387457 
0.562030075188 0.276838772361 
0.562230576441 0.276872175142 
0.562431077694 0.276904649615 
0.562631578947 0.276936206966 
0.562832080201 0.276966811899 
0.563032581454 0.27699755768 
0.563233082707 0.277028229767 
0.56343358396 0.277057598885 
0.563634085213 0.277085577916 
0.563834586466 0.277112080011 
0.564035087719 0.277137068783 
0.564235588972 0.277160481152 
0.564436090226 0.27718218538 
0.564636591479 0.277202182979 
0.564837092732 0.277220463449 
0.565037593985 0.277237372393 
0.565238095238 0.277252880767 
0.565438596491 0.277267215235 
0.565639097744 0.277280596454 
0.565839598997 0.277293024884 
0.566040100251 0.277304482499 
0.566240601504 0.277314957338 
0.566441102757 0.27732465365 
0.56664160401 0.27733378584 
0.566842105263 0.277342432007 
0.567042606516 0.277351416064 
0.567243107769 0.277360240339 
0.567443609023 0.277369245116 
0.567644110276 0.277378576278 
0.567844611529 0.2773883345 
0.568045112782 0.277398117732 
0.568245614035 0.277407910691 
0.568446115288 0.277418527683 
0.568646616541 0.277429462596 
0.568847117794 0.277445862977 
0.569047619048 0.277463640724 
0.569248120301 0.277481902371 
0.569448621554 0.277500057588 
0.569649122807 0.27751937748 
0.56984962406 0.277538779218 
0.570050125313 0.277558120033 
0.570250626566 0.277577296528 
0.57045112782 0.277596273555 
0.570651629073 0.277615068626 
0.570852130326 0.277633762008 
0.571052631579 0.27765895393 
0.571253132832 0.277685743417 
0.571453634085 0.277714162018 
0.571654135338 0.277744524327 
0.571854636591 0.27777502935 
0.572055137845 0.277807519425 
0.572255639098 0.277841063146 
0.572456140351 0.277874513836 
0.572656641604 0.277907817164 
0.572857142857 0.277940944477 
0.57305764411 0.277973861128 
0.573258145363 0.278006532458 
0.573458646617 0.278038964758 
0.57365914787 0.278072556153 
0.573859649123 0.278108658447 
0.574060150376 0.278144327005 
0.574260651629 0.278179392188 
0.574461152882 0.278213825752 
0.574661654135 0.278247584367 
0.574862155388 0.278280634141 
0.575062656642 0.278313683797 
0.575263157895 0.278347992357 
0.575463659148 0.278381341687 
0.575664160401 0.27841364881 
0.575864661654 0.278444834352 
0.576065162907 0.278474808335 
0.57626566416 0.278503493556 
0.576466165414 0.27853085223 
0.576666666667 0.278556799319 
0.57686716792 0.278583147703 
0.577067669173 0.278611571524 
0.577268170426 0.278638695206 
0.577468671679 0.278666728707 
0.577669172932 0.278694746442 
0.577869674185 0.278721353138 
0.578070175439 0.278746496082 
0.578270676692 0.278770164097 
0.578471177945 0.27879235112 
0.578671679198 0.278813198345 
0.578872180451 0.278832765127 
0.579072681704 0.278851757 
0.579273182957 0.278870023929 
0.579473684211 0.278887518743 
0.579674185464 0.278904302732 
0.579874686717 0.278920395889 
0.58007518797 0.278935775967 
0.580275689223 0.278950444181 
0.580476190476 0.278964453772 
0.580676691729 0.278977549813 
0.580877192982 0.278992321448 
0.581077694236 0.279010871768 
0.581278195489 0.279028993878 
0.581478696742 0.279046724308 
0.581679197995 0.279064089188 
0.581879699248 0.279082316693 
0.582080200501 0.279101306663 
0.582280701754 0.279119916072 
0.582481203008 0.279138129502 
0.582681704261 0.279157210789 
0.582882205514 0.279176100768 
0.583082706767 0.279198565582 
0.58328320802 0.279223447288 
0.583483709273 0.279248150725 
0.583684210526 0.279272687746 
0.583884711779 0.279297095156 
0.584085213033 0.279321334238 
0.584285714286 0.279345386618 
0.584486215539 0.279369224295 
0.584686716792 0.279392905091 
0.584887218045 0.279418935502 
0.585087719298 0.279447608669 
0.585288220551 0.279476182934 
0.585488721805 0.279504431911 
0.585689223058 0.279532316804 
0.585889724311 0.27955999735 
0.586090225564 0.279588310293 
0.586290726817 0.279620240959 
0.58649122807 0.279651745368 
0.586691729323 0.2796828682 
0.586892230576 0.279715535707 
0.58709273183 0.279748492623 
0.587293233083 0.279782848422 
0.587493734336 0.279816572961 
0.587694235589 0.279849702214 
0.587894736842 0.27988208149 
0.588095238095 0.279913630383 
0.588295739348 0.279944294688 
0.588496240602 0.27997403967 
0.588696741855 0.2800028359 
0.588897243108 0.280030694593 
0.589097744361 0.280057536506 
0.589298245614 0.280083368085 
0.589498746867 0.280108095494 
0.58969924812 0.28013183455 
0.589899749373 0.280154693943 
0.590100250627 0.280177463325 
0.59030075188 0.28020096448 
0.590501253133 0.280223582024 
0.590701754386 0.280245290477 
0.590902255639 0.280266192492 
0.591102756892 0.280286335746 
0.591303258145 0.280305744498 
0.591503759398 0.280324584796 
0.591704260652 0.280343006165 
0.591904761905 0.280361033731 
0.592105263158 0.280380201666 
0.592305764411 0.280401144964 
0.592506265664 0.280421640093 
0.592706766917 0.280441640613 
0.59290726817 0.28046115744 
0.593107769424 0.28048574838 
0.593308270677 0.28051088229 
0.59350877193 0.280535473472 
0.593709273183 0.280559524647 
0.593909774436 0.280583037852 
0.594110275689 0.28060599438 
0.594310776942 0.280628393713 
0.594511278195 0.280650215858 
0.594711779449 0.280671428573 
0.594912280702 0.280692032351 
0.595112781955 0.280713650212 
0.595313283208 0.28074130506 
0.595513784461 0.280769150755 
0.595714285714 0.280796262876 
0.595914786967 0.280823177348 
0.596115288221 0.280852319366 
0.596315789474 0.280881159682 
0.596516290727 0.280912310476 
0.59671679198 0.280944488528 
0.596917293233 0.280976197096 
0.597117794486 0.28100896202 
0.597318295739 0.281043711134 
0.597518796992 0.281078883856 
0.597719298246 0.281113807491 
0.597919799499 0.281148395791 
0.598120300752 0.281185863831 
0.598320802005 0.281226602943 
0.598521303258 0.281267949592 
0.598721804511 0.281311560977 
0.598922305764 0.281355980603 
0.599122807018 0.281400211948 
0.599323308271 0.281445363611 
0.599523809524 0.281490651625 
0.599724310777 0.281535096269 
0.59992481203 0.281578412011 
0.600125313283 0.281620550748 
0.600325814536 0.281661539152 
0.600526315789 0.281701377962 
0.600726817043 0.281740031438 
0.600927318296 0.281777464057 
0.601127819549 0.281813658415 
0.601328320802 0.281849387174 
0.601528822055 0.281885350251 
0.601729323308 0.281920021597 
0.601929824561 0.281953540081 
0.602130325815 0.281985927096 
0.602330827068 0.282017229133 
0.602531328321 0.282047443656 
0.602731829574 0.282076555792 
0.602932330827 0.282104619332 
0.60313283208 0.282131751725 
0.603333333333 0.282158086791 
0.603533834586 0.282183684273 
0.60373433584 0.282208626178 
0.603934837093 0.28223306167 
0.604135338346 0.2822569822 
0.604335839599 0.28228047593 
0.604536340852 0.282303561402 
0.604736842105 0.282326222268 
0.604937343358 0.282348432225 
0.605137844612 0.282371166273 
0.605338345865 0.282398891428 
0.605538847118 0.282426087906 
0.605739348371 0.282452732753 
0.605939849624 0.282478818631 
0.606140350877 0.282504314278 
0.60634085213 0.282529195269 
0.606541353383 0.282553441474 
0.606741854637 0.282577260936 
0.60694235589 0.282600396107 
0.607142857143 0.282622869326 
0.607343358396 0.282650218309 
0.607543859649 0.28267732974 
0.607744360902 0.28270424824 
0.607944862155 0.282732847749 
0.608145363409 0.282760873579 
0.608345864662 0.282788387121 
0.608546365915 0.282815357663 
0.608746867168 0.282841905353 
0.608947368421 0.282868225376 
0.609147869674 0.282893875163 
0.609348370927 0.282918818151 
0.60954887218 0.282942989629 
0.609749373434 0.282966194682 
0.609949874687 0.282988357088 
0.61015037594 0.283010192487 
0.610350877193 0.283031064284 
0.610551378446 0.283056376641 
0.610751879699 0.283082071908 
0.610952380952 0.283106822544 
0.611152882206 0.283131822211 
0.611353383459 0.283160380739 
0.611553884712 0.283193438104 
0.611754385965 0.283225632612 
0.611954887218 0.283256760206 
0.612155388471 0.283286801643 
0.612355889724 0.283315721127 
0.612556390977 0.283343406335 
0.612756892231 0.283369567083 
0.612957393484 0.283394770395 
0.613157894737 0.283418914061 
0.61335839599 0.28344230305 
0.613558897243 0.283464299191 
0.613759398496 0.283484818979 
0.613959899749 0.283506955839 
0.614160401003 0.283529571876 
0.614360902256 0.283552896529 
0.614561403509 0.283575185873 
0.614761904762 0.283596395062 
0.614962406015 0.283616530692 
0.615162907268 0.283635614515 
0.615363408521 0.283653789253 
0.615563909774 0.283671242156 
0.615764411028 0.283688190584 
0.615964912281 0.283704560503 
0.616165413534 0.283720483174 
0.616365914787 0.283736004525 
0.61656641604 0.283751115206 
0.616766917293 0.283765810558 
0.616967418546 0.283780105761 
0.617167919799 0.283794007189 
0.617368421053 0.283809390709 
0.617568922306 0.283828819157 
0.617769423559 0.28384829183 
0.617969924812 0.283867392917 
0.618170426065 0.283888436088 
0.618370927318 0.283911354953 
0.618571428571 0.283933990054 
0.618771929825 0.283956311137 
0.618972431078 0.283978281372 
0.619172932331 0.284001669237 
0.619373433584 0.284028596964 
0.619573934837 0.28405721811 
0.61977443609 0.284085502331 
0.619974937343 0.284113419605 
0.620175438596 0.284142066677 
0.62037593985 0.284170876664 
0.620576441103 0.284199362111 
0.620776942356 0.284227470051 
0.620977443609 0.284255193011 
0.621177944862 0.28428251039 
0.621378446115 0.284309399958 
0.621578947368 0.284335830713 
0.621779448622 0.284361807365 
0.621979949875 0.28438733903 
0.622180451128 0.284413628101 
0.622380952381 0.284439670071 
0.622581453634 0.284466085542 
0.622781954887 0.284493883706 
0.62298245614 0.284522664825 
0.623182957393 0.284550971376 
0.623383458647 0.28457841943 
0.6235839599 0.284605153564 
0.623784461153 0.284635908967 
0.623984962406 0.284666359326 
0.624185463659 0.284695681268 
0.624385964912 0.284723856404 
0.624586466165 0.284751533363 
0.624786967419 0.284780633717 
0.624987468672 0.284808448113 
0.625187969925 0.284835532176 
0.625388471178 0.284863720603 
0.625588972431 0.284890229384 
0.625789473684 0.284915046963 
0.625989974937 0.284938719502 
0.62619047619 0.284961813535 
0.626390977444 0.284983258967 
0.626591478697 0.285003019081 
0.62679197995 0.285021048482 
0.626992481203 0.285037313742 
0.627192982456 0.285053730491 
0.627393483709 0.285069111068 
0.627593984962 0.285084793952 
0.627794486216 0.28509936608 
0.627994987469 0.285114766756 
0.628195488722 0.285134626958 
0.628395989975 0.285153283601 
0.628596491228 0.285170946791 
0.628796992481 0.285187717951 
0.628997493734 0.285203669803 
0.629197994987 0.285218808092 
0.629398496241 0.285233235868 
0.629598997494 0.285248613353 
0.629799498747 0.285268255055 
0.63 0.285287421115 
