1 0.91001373616 
0.911162756115 0.755509391002 
0.830217568132 0.627237169298 
0.756463327555 0.520743317337 
0.689261210435 0.43233025054 
0.628029144183 0.358928169233 
0.572236765935 0.446982707693 
0.5214008288 0.457681239112 
0.47508101621 0.523749331651 
0.432876128108 0.682079837544 
0.394420605944 0.516725630898 
0.35938136638 0.393734858592 
0.327454916288 0.526920066466 
0.298364724028 0.510368012212 
0.271858824273 0.480884587801 
0.247707635599 0.485787111527 
0.225701971963 0.523838119114 
0.205651230835 0.452218620337 
0.187381742286 0.381830308657 
0.170735264747 0.450965515897 
0.155567614393 0.455886442596 
0.141747416293 0.494590215315 
0.129154966501 0.441736371025 
0.117681195243 0.415887654926 
0.107226722201 0.4446752301 
0.0977009957299 0.414347102926 
0.0890215085445 0.411788254532 
0.081113083079 0.425995165467 
0.0739072203353 0.397908321269 
0.0673415065775 0.430838101052 
0.0613590727341 0.400687458928 
0.0559081018251 0.426666653782 
0.0509413801482 0.375715871576 
0.0464158883361 0.396622332189 
0.0422924287439 0.406923910155 
0.0385352859371 0.417496961496 
0.0351119173422 0.421444540156 
0.031992671378 0.424917129385 
0.0291505306283 0.420397640116 
0.0265608778295 0.408983998286 
0.0242012826479 0.404278178793 
0.022051307399 0.415621340178 
0.0200923300257 0.411661065509 
0.018307382803 0.41454135489 
0.016681005372 0.412781248773 
0.0151991108295 0.41404860136 
0.0138488637139 0.413144532299 
0.0126185688307 0.412298236292 
0.011497569954 0.411456823935 
0.0104761575279 0.409637774865 
0.00954548456662 0.413067929729 
0.00869749002618 0.410574209918 
0.00792482898354 0.412048133769 
0.00722080901839 0.410469560931 
0.00657933224658 0.410286793303 
0.00599484250319 0.411879939939 
0.00546227721768 0.411554445574 
0.00497702356433 0.413268900359 
0.00453487850813 0.411785479725 
0.00413201240012 0.411004060092 
0.00376493580679 0.410801772746 
0.00343046928631 0.412250887091 
0.00312571584969 0.41190854485 
0.00284803586844 0.41148880167 
0.0025950242114 0.411319985871 
0.00236448941265 0.411158269849 
0.00215443469003 0.411660750877 
0.00196304065004 0.411829273828 
0.00178864952906 0.411338854584 
0.00162975083462 0.411808660893 
0.00148496826225 0.411826662348 
0.00135304777458 0.41150025505 
0.00123284673944 0.411256820008 
0.00112332403298 0.411417016805 
0.0010235310219 0.411414915172 
0.000932603346883 0.411621106077 
0.000849753435909 0.411536652809 
0.000774263682681 0.411425227975 
0.000705480231072 0.411534497032 
0.000642807311728 0.411664540806 
0.000585702081806 0.411593671617 
0.000533669923121 0.41143228555 
0.000486260158007 0.411512003292 
0.000443062145758 0.411526377278 
0.00040370172586 0.411541400349 
0.000367837977183 0.411506844319 
0.000335160265094 0.411584484277 
0.000305385550883 0.41157147411 
0.000278255940221 0.411530879214 
0.000253536449397 0.411548511214 
0.000231012970008 0.411545653115 
0.000210490414451 0.411519159293 
0.000191791026167 0.411548691859 
0.000174752840001 0.411548108526 
0.000159228279334 0.411543575335 
0.00014508287785 0.411541632932 
0.000132194114847 0.411581298049 
0.000120450354026 0.411552950487 
0.000109749876549 0.411545205574 
0.0001 0.411549477884 
